Car 0 0 -0.544 204.995 180.245 333.394 227.022 1.526 1.634 3.915 -11.105 1.004 23.541 -0.985 0.849
Car 0 0 -0.728 434.584 176.542 516.394 212.449 1.526 1.634 3.915 -5.698 0.920 30.668 -0.912 0.804
Pedestrian 0 0 -1.684 889.353 164.487 920.532 247.871 1.760 0.660 0.932 6.236 0.704 15.234 -1.296 0.791
Car 0 0 2.457 301.764 168.855 398.309 210.221 1.526 1.634 3.915 -9.575 0.616 26.621 2.112 0.708
Car 0 0 1.621 617.132 172.755 647.744 193.940 1.526 1.634 3.915 1.648 0.756 51.980 1.652 0.692
Car 0 0 -1.419 529.163 177.808 571.086 204.064 1.526 1.634 3.915 -3.455 1.051 41.942 -1.501 0.572
Car 0 0 -1.799 577.364 176.538 617.465 201.839 1.526 1.634 3.915 -0.733 0.985 43.522 -1.816 0.552
Car 0 0 -1.778 766.393 170.804 798.406 194.845 1.526 1.634 3.915 10.972 0.633 45.805 -1.544 0.449
Car 0 0 1.933 1012.581 168.504 1045.354 183.821 1.526 1.634 3.915 41.790 0.330 71.895 2.458 0.435
Car 0 0 1.103 1160.717 170.159 1197.300 187.570 1.526 1.634 3.915 49.916 0.527 63.247 1.771 0.360
Car 0 0 1.565 648.618 173.294 675.189 193.213 1.526 1.634 3.915 4.011 0.797 55.285 1.636 0.328
Car 0 0 1.600 660.044 173.230 682.798 192.556 1.526 1.634 3.915 4.885 0.793 56.980 1.685 0.314
Car 0 0 -1.673 1195.875 160.945 1241.661 189.529 1.526 1.634 3.915 32.528 0.127 38.525 -0.973 0.313
