Car 0 0 2.072 0.186 207.180 182.490 371.391 1.526 1.634 3.915 -4.745 0.987 6.572 1.447 0.875
Car 0 0 1.965 132.315 156.304 458.484 370.822 1.526 1.634 3.915 -2.181 0.572 5.031 1.555 0.750
Car 0 0 1.575 633.086 178.385 688.546 218.152 1.526 1.634 3.915 2.262 0.582 27.137 1.657 0.719
Car 0 0 -0.337 680.804 179.677 791.387 238.632 1.526 1.634 3.915 3.474 0.674 18.305 -0.150 0.713
Car 0 0 1.736 449.798 188.147 514.998 266.510 1.526 1.634 3.915 -2.327 0.861 13.771 1.568 0.702
Car 0 0 2.265 0.321 307.231 68.119 373.178 1.526 1.634 3.915 -13.137 3.636 16.364 1.588 0.669
Car 0 0 1.646 497.742 186.932 546.401 234.010 1.526 1.634 3.915 -2.587 0.887 22.922 1.533 0.633
Cyclist 0 0 2.118 1090.145 251.950 1241.403 372.694 1.739 0.571 1.833 8.123 1.861 10.186 2.791 0.567
Car 0 0 1.634 613.563 179.546 634.458 203.020 1.526 1.634 3.915 1.438 0.531 45.972 1.666 0.441
Cyclist 0 0 2.242 933.069 219.184 1101.995 371.129 1.739 0.571 1.833 4.758 1.283 8.095 2.773 0.401
Car 0 0 1.682 511.918 162.653 566.569 214.019 1.531 1.634 3.950 -1.867 0.156 21.078 1.593 0.355
Cyclist 0 0 0.812 851.596 214.016 992.513 321.728 1.739 0.571 1.833 5.170 1.369 11.419 1.237 0.250
