Car 0 0 -2.179 992.999 196.312 1241.144 373.704 1.526 1.634 3.915 4.366 0.965 6.208 -1.566 0.777
Car 0 0 -1.767 643.422 178.372 714.634 233.022 1.526 1.634 3.915 1.940 0.917 20.150 -1.671 0.763
Pedestrian 0 0 1.926 327.393 180.001 385.074 304.095 1.760 0.660 0.932 -3.594 0.982 10.236 1.588 0.735
Car 0 0 -0.786 920.535 160.129 1221.260 314.618 1.526 1.634 3.915 4.558 0.637 7.128 -0.218 0.658
Car 0 0 -3.050 209.145 186.598 339.133 231.276 1.526 1.634 3.915 -11.458 1.233 24.647 -3.485 0.650
Car 0 0 1.558 614.794 171.872 654.423 203.842 1.507 1.625 3.204 1.181 0.707 34.017 1.592 0.572
Car 0 0 -1.494 492.598 173.209 524.430 195.830 1.526 1.634 3.915 -6.817 0.787 48.681 -1.633 0.405
Car 0 0 1.931 351.110 183.544 441.125 229.533 1.526 1.634 3.915 -7.083 1.118 23.945 1.643 0.350
Car 0 0 1.931 436.395 178.211 478.676 214.223 1.526 1.634 3.915 -6.443 0.990 30.578 1.722 0.346
Car 0 0 1.915 475.587 175.046 513.420 201.973 1.526 1.634 3.915 -6.521 0.887 40.897 1.756 0.324
Car 0 0 1.975 532.178 168.433 557.574 188.448 1.526 1.634 3.915 -4.932 0.426 55.019 1.885 0.299
Car 0 0 1.573 473.277 178.019 495.749 202.740 1.526 1.634 3.915 -7.720 1.082 44.546 1.401 0.267
