Car 0 0 -1.190 0.101 193.642 232.284 371.177 1.526 1.634 3.915 -4.241 0.942 6.203 -1.790 0.909
Car 0 0 -1.824 711.364 192.336 840.956 275.091 1.526 1.634 3.915 3.072 1.122 13.307 -1.598 0.798
Car 0 0 0.422 377.483 179.930 490.755 236.275 1.526 1.634 3.915 -4.752 0.955 19.544 0.183 0.797
Car 0 0 1.618 551.007 171.310 588.371 204.757 1.526 1.634 3.915 -1.819 0.693 32.925 1.561 0.627
Car 0 0 -2.590 49.737 171.310 337.038 300.108 1.526 1.634 3.915 -4.931 0.745 8.550 -3.113 0.620
Car 0 0 1.732 500.739 175.114 551.474 207.908 1.526 1.634 3.915 -3.884 0.868 33.580 1.616 0.613
Car 0 0 -2.093 437.881 174.996 508.195 216.349 1.526 1.634 3.915 -5.038 0.842 26.629 -2.280 0.510
Car 0 0 -1.706 681.174 179.735 737.363 227.282 1.526 1.634 3.915 3.201 0.984 23.160 -1.569 0.498
Car 0 0 0.872 316.861 178.933 420.837 254.450 1.526 1.634 3.915 -4.865 0.886 14.582 0.549 0.475
Car 0 0 1.466 629.672 168.228 651.534 187.701 1.526 1.634 3.915 2.433 0.401 56.552 1.509 0.271
Car 0 0 1.504 653.695 169.875 681.214 200.987 1.526 1.634 3.915 2.840 0.617 35.395 1.583 0.268
