Pedestrian 0 0 1.942 1159.692 162.556 1222.436 314.685 1.760 0.660 0.932 6.729 0.761 8.350 2.620 0.813
Pedestrian 0 0 1.947 819.792 159.889 866.724 296.643 1.760 0.660 0.932 3.009 0.713 9.289 2.260 0.764
Pedestrian 0 0 0.201 128.143 172.126 169.192 279.698 1.760 0.660 0.932 -7.543 0.868 11.809 -0.368 0.735
Pedestrian 0 0 -2.043 790.862 194.372 821.512 262.364 1.760 0.660 0.932 5.091 1.437 18.683 -1.778 0.618
Pedestrian 0 0 2.006 82.505 203.299 120.652 257.659 1.760 0.660 0.932 -16.451 1.866 23.367 1.393 0.543
Pedestrian 0 0 -1.886 1210.936 162.662 1241.566 352.440 1.760 0.660 0.932 5.721 0.786 6.693 -1.179 0.432
Pedestrian 0 0 -1.858 0.000 195.743 40.221 267.555 1.751 0.656 0.566 -14.371 1.433 17.591 -2.543 0.430
Pedestrian 0 0 1.253 205.638 190.967 243.137 277.993 1.760 0.660 0.932 -7.792 1.247 14.596 0.762 0.398
Pedestrian 0 0 -1.871 1219.016 160.081 1241.506 273.656 1.760 0.660 0.932 9.621 0.682 11.184 -1.160 0.337
Pedestrian 0 0 -1.832 465.367 171.952 484.638 222.064 1.760 0.660 0.932 -4.727 0.849 25.348 -2.016 0.336
Pedestrian 0 0 -1.977 857.966 186.383 886.041 267.124 1.760 0.660 0.932 5.722 1.175 15.733 -1.629 0.255
