Car 0 0 -2.141 900.709 194.747 1241.203 371.221 1.526 1.634 3.915 4.038 0.886 6.115 -1.558 0.921
Car 0 0 -1.815 789.963 183.712 965.724 298.690 1.526 1.634 3.915 3.634 0.806 9.385 -1.446 0.891
Car 0 0 -1.170 0.357 160.510 129.140 374.946 1.526 1.634 3.915 -3.839 0.621 5.032 -1.823 0.865
Car 0 0 2.034 263.967 182.874 473.489 302.421 1.526 1.634 3.915 -3.005 0.793 9.027 1.711 0.865
Car 0 0 1.954 588.384 172.289 685.325 226.428 1.526 1.634 3.915 0.924 0.531 19.932 1.999 0.720
Car 0 0 1.812 718.911 156.303 765.924 188.356 1.526 1.634 3.915 6.587 -0.389 33.667 2.005 0.549
Car 0 0 -1.983 870.713 151.232 954.765 188.268 1.526 1.634 3.915 12.719 -0.443 29.137 -1.573 0.489
Car 0 0 1.685 679.136 167.335 712.897 198.721 1.526 1.634 3.915 4.471 0.123 34.382 1.814 0.444
Car 0 0 -1.536 808.818 164.028 867.788 187.452 1.526 1.634 3.915 15.260 -0.311 46.066 -1.216 0.444
Car 0 0 1.610 184.066 186.177 219.000 209.428 1.526 1.634 3.915 -26.423 1.135 46.411 1.092 0.392
Car 0 0 1.850 570.614 171.048 600.211 190.705 1.526 1.634 3.915 -1.449 0.029 54.896 1.823 0.283
Car 0 0 1.673 713.721 160.838 745.302 189.952 1.526 1.634 3.915 6.575 -0.268 37.065 1.848 0.265
Car 0 0 1.796 651.197 170.914 687.601 218.068 1.526 1.634 3.915 2.114 0.453 22.885 1.887 0.252
