Car 0 0 -1.218 0.080 185.263 258.402 368.320 1.526 1.634 3.915 -4.005 0.867 6.016 -1.806 0.914
Car 0 0 -2.037 854.532 174.249 1241.282 372.267 1.526 1.634 3.915 3.378 0.774 5.561 -1.492 0.886
Car 0 0 -1.656 596.466 178.501 662.366 229.148 1.526 1.634 3.915 0.598 0.933 21.743 -1.629 0.870
Car 0 0 -2.419 389.641 174.323 524.461 239.703 1.526 1.634 3.915 -3.560 0.797 16.843 -2.627 0.817
Car 0 0 -2.000 193.452 179.196 374.757 304.623 1.526 1.634 3.915 -3.960 0.840 8.780 -2.424 0.789
Pedestrian 0 0 -1.909 803.236 182.052 858.335 310.892 1.758 0.659 0.827 3.018 1.004 9.844 -1.613 0.655
Car 0 0 -1.694 729.457 180.157 797.795 236.878 1.526 1.634 3.915 4.145 0.960 19.414 -1.485 0.530
Car 0 0 2.227 765.097 186.745 819.577 258.657 1.526 1.634 3.915 3.879 1.058 15.313 2.474 0.483
Car 0 0 1.562 524.656 173.617 554.649 207.315 1.526 1.634 3.915 -3.166 0.798 32.679 1.465 0.371
Car 0 0 1.471 564.509 162.895 601.996 193.654 1.526 1.634 3.915 -1.305 0.269 35.801 1.434 0.371
Car 0 0 -1.949 485.921 174.560 550.231 209.691 1.526 1.634 3.915 -3.974 0.837 31.346 -2.076 0.360
Car 0 0 1.475 370.285 172.677 405.528 214.161 1.526 1.634 3.915 -8.155 0.757 26.545 1.176 0.349
Car 0 0 -1.835 707.215 170.134 773.971 222.980 1.526 1.634 3.915 3.784 0.685 20.838 -1.656 0.261
