Car 0 0 2.076 0.000 224.814 174.157 374.251 1.526 1.634 3.915 -5.336 1.294 7.369 1.449 0.859
Car 0 0 2.575 949.493 141.499 1235.347 228.412 1.526 1.634 3.915 8.479 0.213 12.670 3.164 0.850
Car 0 0 1.936 316.396 196.381 417.627 260.272 1.526 1.634 3.915 -5.794 1.325 17.235 1.612 0.791
Car 0 0 2.058 162.290 206.874 323.458 314.366 1.526 1.634 3.915 -5.206 1.246 10.245 1.586 0.778
Car 0 0 2.431 881.497 153.120 985.765 212.590 1.526 1.634 3.915 8.317 0.257 18.517 2.852 0.689
Car 0 0 -3.049 820.262 158.406 921.447 207.492 1.526 1.634 3.915 8.124 0.314 22.434 -2.703 0.670
Car 0 0 2.338 941.969 143.239 1072.327 220.702 1.526 1.634 3.915 7.833 0.180 14.216 2.842 0.653
Car 0 0 1.866 411.343 189.082 478.338 232.962 1.526 1.634 3.915 -5.729 1.328 25.096 1.641 0.578
Car 0 0 -1.823 674.778 175.787 768.130 231.837 1.526 1.634 3.915 3.047 0.843 19.647 -1.669 0.530
Car 0 0 1.879 591.266 171.482 620.725 192.182 1.526 1.634 3.915 -0.263 0.662 53.198 1.872 0.412
Car 0 0 1.914 633.173 174.685 658.805 203.485 1.526 1.634 3.915 1.931 0.860 38.237 1.963 0.352
Car 0 0 1.584 652.843 176.781 685.641 207.757 1.526 1.634 3.915 2.941 0.957 35.550 1.667 0.330
Car 0 0 1.823 466.864 187.228 499.771 223.835 1.526 1.634 3.915 -5.263 1.362 30.081 1.650 0.316
Car 0 0 -1.813 1162.032 139.025 1241.329 187.186 1.526 1.634 3.915 18.764 -0.309 22.865 -1.127 0.262
