Car 0 0 2.354 900.726 189.857 1241.287 318.685 1.526 1.634 3.915 5.467 0.965 8.548 2.922 0.920
Car 0 0 -2.636 98.832 183.285 357.108 280.301 1.526 1.634 3.915 -6.003 0.927 11.351 -3.123 0.842
Car 0 0 0.604 0.174 218.039 69.195 372.556 1.526 1.634 3.915 -5.678 1.209 7.127 -0.069 0.793
Car 0 0 -0.303 810.025 187.559 985.129 249.130 1.526 1.634 3.915 7.139 1.128 17.885 0.076 0.786
Car 0 0 0.245 478.260 174.711 534.334 208.839 1.526 1.634 3.915 -4.618 0.846 32.267 0.103 0.732
Car 0 0 0.464 385.949 179.490 477.996 236.483 1.526 1.634 3.915 -4.755 0.941 19.322 0.221 0.721
Car 0 0 -2.705 282.411 180.442 427.147 248.509 1.526 1.634 3.915 -5.713 0.933 16.178 -3.045 0.713
Car 0 0 -1.852 788.546 179.863 854.325 233.584 1.526 1.634 3.915 6.019 0.962 20.498 -1.567 0.586
Car 0 0 0.495 0.000 219.349 139.145 341.657 1.526 1.634 3.915 -6.738 1.343 9.004 -0.147 0.573
Car 0 0 -1.862 707.256 180.003 785.925 220.586 1.526 1.634 3.915 5.153 1.032 27.135 -1.676 0.538
Car 0 0 1.465 636.392 178.598 674.174 201.963 1.526 1.634 3.915 2.987 1.138 47.130 1.527 0.531
Car 0 0 1.878 545.722 174.587 584.967 196.540 1.526 1.634 3.915 -3.074 0.884 50.162 1.817 0.366
Car 0 0 1.867 429.812 174.333 486.785 217.122 1.526 1.634 3.915 -5.395 0.816 25.736 1.660 0.281
Car 0 0 1.614 566.005 173.611 593.409 193.822 1.526 1.634 3.915 -2.254 0.820 54.484 1.572 0.275
