Car 0 0 2.645 722.039 158.763 854.050 210.807 1.526 1.634 3.915 5.234 0.350 21.159 2.888 0.897
Car 0 0 2.220 1146.179 140.829 1206.396 178.610 1.526 1.634 3.915 22.894 -0.531 29.147 2.885 0.750
Car 0 0 1.763 506.126 174.817 555.040 207.921 1.526 1.634 3.915 -3.641 0.854 33.265 1.653 0.593
Car 0 0 -1.116 1017.370 145.383 1094.168 176.742 1.526 1.634 3.915 21.716 -0.574 35.115 -0.563 0.518
Car 0 0 -2.035 878.844 146.824 921.912 174.333 1.526 1.634 3.915 16.135 -0.681 40.031 -1.652 0.480
Car 0 0 1.634 582.609 171.791 609.146 191.558 1.526 1.634 3.915 -1.056 0.681 55.708 1.614 0.458
Car 0 0 1.887 925.316 149.634 958.401 173.164 1.526 1.634 3.915 21.553 -0.743 46.799 2.318 0.442
Car 0 0 1.490 665.429 165.126 697.146 186.764 1.526 1.634 3.915 5.059 0.218 50.892 1.589 0.426
Car 0 0 -0.396 959.715 141.044 1084.411 176.043 1.526 1.634 3.915 17.988 -0.624 31.464 0.123 0.383
Car 0 0 1.770 536.995 173.738 565.442 201.471 1.526 1.634 3.915 -3.211 0.812 39.707 1.689 0.332
Car 0 0 -1.034 889.315 149.803 951.271 174.364 1.526 1.634 3.915 19.308 -0.669 44.835 -0.628 0.323
Pedestrian 0 0 1.555 417.807 192.190 433.887 232.178 1.760 0.660 0.932 -8.088 1.732 31.766 1.304 0.293
