Car 0 0 -1.612 523.472 175.787 736.054 370.498 1.526 1.634 3.915 0.158 0.786 5.656 -1.585 0.919
Car 0 0 1.984 296.113 188.209 361.014 218.048 1.526 1.634 3.915 -14.372 1.548 36.905 1.612 0.637
Car 0 0 1.858 27.538 201.719 105.968 234.845 1.526 1.634 3.915 -25.009 2.093 33.243 1.212 0.630
Car 0 0 2.174 163.412 193.441 239.792 226.781 1.526 1.634 3.915 -18.675 1.706 33.030 1.659 0.577
Pedestrian 0 0 2.214 777.066 196.845 822.739 266.609 1.760 0.660 0.932 4.803 1.486 18.208 2.470 0.439
Car 0 0 1.788 374.277 182.320 415.754 205.835 1.526 1.634 3.915 -13.925 1.377 46.830 1.499 0.402
Car 0 0 -1.742 209.978 192.263 260.120 224.112 1.526 1.634 3.915 -17.946 1.693 34.576 -2.221 0.388
Car 0 0 1.695 417.131 178.631 460.619 203.660 1.526 1.634 3.915 -10.408 1.115 43.997 1.461 0.366
Car 0 0 -0.866 695.432 186.966 781.933 248.103 1.512 1.628 3.397 3.194 1.105 17.849 -0.690 0.273
Car 0 0 1.883 257.100 190.845 294.010 213.900 1.526 1.634 3.915 -22.111 1.954 47.765 1.449 0.261
