Truck 0 0 1.639 461.026 141.164 517.756 208.436 3.013 2.590 8.882 -5.381 0.087 32.313 1.474 0.641
Car 0 0 1.833 521.883 184.038 584.037 226.847 1.526 1.634 3.915 -2.018 1.162 25.723 1.753 0.636
Car 0 0 2.222 209.526 158.716 372.353 238.413 1.526 1.634 3.915 -6.102 0.492 13.817 1.805 0.603
Car 0 0 1.007 564.217 180.733 608.015 220.105 1.526 1.634 3.915 -0.909 1.069 27.969 0.974 0.573
Car 0 0 2.010 1102.921 157.158 1143.377 178.420 1.526 1.634 3.915 36.866 -0.364 51.792 2.629 0.528
Car 0 0 -1.684 1204.444 153.058 1241.132 173.536 1.526 1.634 3.915 45.704 -0.712 53.776 -0.980 0.488
Truck 0 0 2.231 209.006 158.723 371.729 237.538 3.075 2.618 11.229 -12.455 0.986 28.154 1.814 0.478
Car 0 0 -1.511 680.976 171.345 713.493 193.901 1.526 1.634 3.915 5.932 0.661 48.823 -1.390 0.430
Car 0 0 1.632 1171.256 153.307 1204.838 174.864 1.526 1.634 3.915 40.956 -0.621 51.084 2.308 0.421
Car 0 0 2.142 1036.667 158.036 1086.072 178.137 1.526 1.634 3.915 34.305 -0.362 54.784 2.701 0.419
Car 0 0 1.683 732.370 166.570 761.244 187.831 1.526 1.634 3.915 9.852 0.312 51.795 1.870 0.346
Car 0 0 2.024 891.599 155.525 916.819 172.338 1.526 1.634 3.915 26.747 -0.810 65.497 2.412 0.338
Car 0 0 1.603 1136.492 156.095 1172.155 176.231 1.526 1.634 3.915 41.291 -0.507 54.689 2.249 0.277
