Pedestrian 0 0 2.337 876.300 157.605 971.111 333.091 1.760 0.660 0.932 3.152 0.727 7.239 2.746 0.868
Car 0 0 1.575 466.545 163.865 553.614 239.109 1.526 1.634 3.915 -2.018 0.581 14.635 1.437 0.821
Car 0 0 1.881 378.439 160.364 468.939 231.061 1.526 1.634 3.915 -4.013 0.493 15.576 1.628 0.778
Pedestrian 0 0 -1.807 673.119 162.468 711.589 263.463 1.760 0.660 0.932 1.443 0.699 12.577 -1.693 0.771
Pedestrian 0 0 1.072 268.820 171.408 303.179 256.630 1.760 0.660 0.932 -6.684 0.850 14.905 0.649 0.768
Pedestrian 0 0 1.826 1157.283 143.235 1226.459 304.570 1.760 0.660 0.932 6.354 0.557 7.873 2.504 0.739
Pedestrian 0 0 -1.943 1033.861 159.427 1106.459 319.786 1.760 0.660 0.932 5.057 0.733 7.921 -1.375 0.734
Pedestrian 0 0 2.019 90.861 174.865 184.162 367.728 1.760 0.660 0.932 -4.309 0.899 6.586 1.439 0.641
Pedestrian 0 0 -2.091 651.044 168.220 678.519 254.816 1.760 0.660 0.932 1.123 0.786 14.669 -2.016 0.600
Pedestrian 0 0 -1.991 609.007 164.907 645.980 266.448 1.760 0.660 0.932 0.311 0.742 12.510 -1.967 0.589
Pedestrian 0 0 2.423 49.825 177.843 111.005 264.893 1.760 0.660 0.932 -10.701 0.981 14.592 1.790 0.539
Pedestrian 0 0 -1.970 786.128 151.499 818.412 258.023 1.760 0.660 0.932 3.185 0.527 11.925 -1.709 0.504
Cyclist 0 0 2.053 16.003 264.303 142.463 372.559 1.739 0.571 1.833 -8.521 2.339 11.594 1.419 0.277
