Car 0 0 -1.286 330.958 200.195 504.903 317.727 1.526 1.634 3.915 -2.488 1.118 9.369 -1.547 0.885
Pedestrian 0 0 -2.436 1067.215 167.792 1179.769 374.605 1.760 0.660 0.932 4.375 0.837 6.142 -1.818 0.872
Car 0 0 -2.026 59.242 192.668 267.750 301.505 1.526 1.634 3.915 -6.255 1.041 10.118 -2.581 0.867
Car 0 0 -1.533 446.848 182.654 541.284 262.969 1.526 1.634 3.915 -2.195 0.949 13.711 -1.692 0.756
Car 0 0 -1.615 563.166 180.287 614.214 221.726 1.526 1.634 3.915 -0.769 1.037 26.574 -1.645 0.721
Pedestrian 0 0 2.127 913.282 89.074 967.284 231.201 1.760 0.660 0.932 4.097 -0.158 8.938 2.556 0.716
Car 0 0 -1.772 648.819 183.040 700.728 224.441 1.526 1.634 3.915 2.404 1.139 26.599 -1.683 0.709
Car 0 0 2.121 215.343 177.618 287.022 213.303 1.526 1.634 3.915 -15.327 0.967 30.859 1.659 0.613
Car 0 0 1.917 0.000 179.667 32.621 244.929 1.526 1.634 3.915 -13.873 0.922 16.873 1.229 0.565
Car 0 0 1.594 502.568 173.601 535.004 207.940 1.526 1.634 3.915 -4.034 0.796 32.068 1.468 0.351
Car 0 0 1.654 346.676 179.407 426.510 213.778 1.526 1.634 3.915 -9.900 1.054 32.039 1.354 0.328
Car 0 0 -1.737 612.082 183.518 640.163 206.980 1.360 1.733 5.199 0.960 1.298 41.824 -1.714 0.302
Car 0 0 -1.648 347.037 179.684 381.245 212.115 1.526 1.634 3.915 -11.549 1.085 33.955 -1.976 0.297
Car 0 0 1.525 635.028 182.855 659.780 212.367 1.526 1.634 3.915 1.957 1.280 37.314 1.576 0.279
