Car 0 0 2.099 0.258 205.832 318.274 370.833 1.526 1.634 3.915 -4.165 1.068 6.674 1.540 0.888
Car 0 0 -2.140 887.065 200.132 1241.618 374.467 1.526 1.634 3.915 3.981 1.002 6.317 -1.578 0.886
Car 0 0 -1.926 752.443 182.151 964.353 322.360 1.526 1.634 3.915 2.709 0.864 7.854 -1.594 0.854
Truck 0 0 1.882 229.044 150.075 452.130 312.256 3.075 2.618 11.229 -5.100 1.106 13.682 1.524 0.616
Car 0 0 -1.588 734.695 173.914 809.492 255.544 1.526 1.634 3.915 3.039 0.783 13.490 -1.367 0.592
Car 0 0 -1.583 482.598 176.100 520.960 202.924 1.526 1.634 3.915 -6.132 0.948 41.053 -1.732 0.480
Car 0 0 1.900 228.497 149.189 451.914 313.302 1.526 1.634 3.915 -2.505 0.543 6.710 1.543 0.436
Car 0 0 1.831 440.397 169.253 471.206 202.710 1.526 1.634 3.915 -7.014 0.599 32.913 1.620 0.310
Car 0 0 -1.704 610.281 164.325 648.033 202.251 1.526 1.634 3.915 0.789 0.420 29.035 -1.677 0.299
Car 0 0 1.700 724.274 171.871 753.973 200.438 1.526 1.634 3.915 6.922 0.711 38.548 1.878 0.278
