Car 0 0 2.276 164.337 170.645 544.309 320.174 1.526 1.634 3.915 -2.549 0.662 7.217 1.937 0.933
Car 0 0 -1.885 1105.143 186.477 1241.496 318.205 1.526 1.634 3.915 6.595 0.832 8.192 -1.207 0.834
Car 0 0 1.877 695.025 177.379 806.512 241.828 1.526 1.634 3.915 3.474 0.689 16.743 2.080 0.824
Car 0 0 -1.667 1056.729 173.264 1137.836 239.569 1.458 1.603 1.372 10.847 0.570 15.551 -1.058 0.694
Car 0 0 1.445 637.794 168.680 673.255 188.791 1.526 1.634 3.915 3.904 -0.134 53.657 1.517 0.644
Car 0 0 1.643 826.912 168.488 883.517 211.388 1.509 1.626 3.271 8.833 0.332 24.870 1.984 0.629
Car 0 0 1.837 937.653 165.602 980.370 190.888 1.526 1.634 3.915 21.422 -0.137 42.675 2.302 0.452
Car 0 0 1.828 1126.141 164.995 1173.982 191.428 1.526 1.634 3.915 31.523 -0.132 40.823 2.485 0.401
Car 0 0 1.750 898.989 168.540 932.512 198.123 1.526 1.634 3.915 16.079 0.146 36.477 2.165 0.392
Car 0 0 1.778 876.520 170.019 905.920 205.810 1.526 1.634 3.915 12.244 0.316 30.150 2.163 0.323
Car 0 0 1.891 794.644 173.625 828.870 200.024 1.526 1.634 3.915 12.006 0.365 40.875 2.175 0.304
