Car 0 0 2.122 36.347 203.174 401.858 373.199 1.526 1.634 3.915 -3.505 1.035 6.477 1.626 0.891
Car 0 0 1.877 370.854 192.098 474.464 267.474 1.526 1.634 3.915 -3.784 1.153 14.609 1.623 0.822
Car 0 0 -1.142 0.186 219.433 164.877 366.570 1.526 1.634 3.915 -5.467 1.246 7.484 -1.773 0.763
Car 0 0 1.646 647.543 180.189 694.112 218.691 1.526 1.634 3.915 2.429 1.054 28.601 1.730 0.599
Car 0 0 -3.536 736.131 163.861 811.767 206.645 1.526 1.634 3.915 5.864 0.442 25.739 -3.313 0.517
Car 0 0 2.583 773.113 164.227 880.447 215.062 1.526 1.634 3.915 6.521 0.504 21.662 2.875 0.501
Car 0 0 -1.665 1040.294 140.196 1090.821 178.939 1.487 1.616 2.449 17.502 -0.510 27.695 -1.102 0.367
Car 0 0 2.110 936.823 155.868 989.289 178.938 1.526 1.634 3.915 23.385 -0.361 47.733 2.566 0.348
Car 0 0 -1.776 930.501 174.435 947.465 204.236 1.526 1.634 3.915 16.871 0.844 36.952 -1.349 0.330
Car 0 0 1.678 491.051 182.912 518.852 206.879 1.526 1.634 3.915 -6.661 1.404 45.947 1.532 0.322
