Car 0 0 2.123 0.280 221.063 247.165 373.564 1.526 1.634 3.915 -4.862 1.246 7.221 1.530 0.918
Car 0 0 1.914 276.233 206.487 476.672 331.310 1.526 1.634 3.915 -2.850 1.174 8.822 1.601 0.901
Car 0 0 1.768 435.563 192.941 524.058 272.050 1.526 1.634 3.915 -2.503 1.151 13.920 1.589 0.785
Car 0 0 -0.974 831.037 177.839 883.214 226.543 1.526 1.634 3.915 7.758 0.919 22.610 -0.644 0.724
Car 0 0 -1.615 734.587 183.442 834.954 264.827 1.526 1.634 3.915 3.286 0.962 13.531 -1.378 0.703
Car 0 0 -0.001 1067.665 179.740 1241.378 302.482 1.526 1.634 3.915 6.776 0.849 8.972 0.645 0.651
Car 0 0 1.709 506.021 176.077 569.055 230.569 1.526 1.634 3.915 -2.017 0.853 20.208 1.609 0.547
Car 0 0 1.964 1000.826 171.373 1067.540 211.893 1.526 1.634 3.915 15.993 0.707 27.177 2.496 0.546
Car 0 0 -1.062 743.640 170.885 846.400 230.338 1.526 1.634 3.915 4.761 0.713 18.522 -0.810 0.471
Car 0 0 1.458 946.168 164.096 987.407 197.594 1.526 1.634 3.915 16.276 0.364 32.874 1.917 0.450
Car 0 0 1.811 1041.513 171.029 1069.336 190.202 1.526 1.634 3.915 35.491 0.618 57.434 2.364 0.302
Car 0 0 1.302 983.102 163.598 1022.989 192.576 1.526 1.634 3.915 20.723 0.276 38.001 1.802 0.287
