Car 0 0 -2.199 225.300 179.425 435.344 269.470 1.526 1.634 3.915 -4.733 0.874 12.229 -2.569 0.856
Truck 0 0 -1.887 759.453 86.069 1163.513 352.133 3.120 2.614 11.537 4.127 0.542 8.461 -1.434 0.829
Car 0 0 -1.586 574.789 173.292 632.450 221.517 1.526 1.634 3.915 -0.188 0.777 22.835 -1.595 0.824
Car 0 0 -2.054 376.113 175.606 459.223 239.937 1.526 1.634 3.915 -4.552 0.828 17.118 -2.315 0.760
Car 0 0 -2.081 0.170 139.565 208.078 369.705 1.526 1.634 3.915 -3.352 0.542 4.785 -2.693 0.707
Car 0 0 -1.693 665.865 177.782 705.390 206.152 1.526 1.634 3.915 4.092 1.028 38.815 -1.588 0.625
Car 0 0 -1.780 438.512 172.625 501.062 216.752 1.526 1.634 3.915 -4.834 0.755 24.955 -1.972 0.616
Car 0 0 1.430 529.342 168.481 565.109 196.745 1.477 1.663 4.293 -3.258 0.510 37.711 1.344 0.379
Car 0 0 -1.693 500.275 181.202 530.999 206.515 1.526 1.634 3.915 -5.663 1.266 43.505 -1.824 0.372
Car 0 0 1.869 724.341 185.599 774.422 251.050 1.526 1.634 3.915 3.260 1.060 16.825 2.060 0.358
Car 0 0 1.594 469.351 172.743 501.690 195.917 1.526 1.634 3.915 -8.169 0.756 47.519 1.423 0.357
Car 0 0 -1.776 553.310 170.675 577.860 194.607 1.526 1.634 3.915 -2.804 0.624 46.015 -1.837 0.276
Car 0 0 1.674 704.489 184.458 735.064 205.357 1.526 1.634 3.915 8.049 1.610 52.691 1.825 0.268
Car 0 0 -1.611 433.224 173.769 459.454 191.115 1.526 1.634 3.915 -14.361 0.844 63.484 -1.834 0.257
