Car 0 0 -0.970 940.303 153.034 1240.984 337.827 1.526 1.634 3.915 4.037 0.515 5.840 -0.366 0.930
Car 0 0 -0.250 831.115 145.671 981.003 198.377 1.526 1.634 3.915 8.808 -0.321 20.475 0.156 0.847
Car 0 0 1.791 384.269 176.712 521.173 277.755 1.526 1.634 3.915 -2.253 0.666 10.680 1.582 0.821
Car 0 0 1.909 332.596 184.973 420.707 259.745 1.526 1.634 3.915 -4.597 0.801 14.433 1.600 0.786
Car 0 0 1.834 569.236 167.295 603.246 185.805 1.526 1.634 3.915 -1.290 -0.541 58.299 1.812 0.712
Car 0 0 1.423 660.695 170.069 710.239 205.275 1.526 1.634 3.915 3.623 0.198 30.652 1.540 0.619
Car 0 0 -1.562 602.415 172.464 636.434 201.874 1.526 1.634 3.915 0.910 0.211 36.694 -1.537 0.458
Car 0 0 1.628 529.159 174.502 545.729 198.726 1.526 1.634 3.915 -4.060 0.221 44.549 1.536 0.413
Car 0 0 1.362 628.981 170.369 654.848 199.713 1.526 1.634 3.915 2.082 0.100 36.776 1.417 0.349
Car 0 0 1.697 512.281 174.444 542.319 200.643 1.526 1.634 3.915 -4.345 0.258 41.190 1.592 0.275
Car 0 0 1.984 979.081 143.786 1086.809 184.864 1.526 1.634 3.915 16.015 -0.698 26.271 2.530 0.255
