Car 0 0 -2.919 385.955 169.164 662.881 277.641 1.526 1.634 3.915 -1.198 0.711 10.152 -3.037 0.888
Car 0 0 1.929 793.673 175.498 903.954 234.466 1.526 1.634 3.915 6.192 0.832 18.675 2.248 0.785
Car 0 0 1.870 932.730 167.331 1004.470 210.542 1.526 1.634 3.915 12.681 0.568 25.484 2.331 0.735
Car 0 0 -1.857 1172.316 186.672 1241.686 314.433 1.526 1.634 3.915 7.137 0.928 8.619 -1.165 0.666
Car 0 0 1.702 990.613 167.223 1021.540 204.424 1.526 1.634 3.915 16.267 0.532 29.602 2.204 0.518
Car 0 0 1.986 0.103 183.896 19.495 204.271 1.526 1.634 3.915 -44.925 1.590 54.046 1.292 0.432
Car 0 0 1.417 1165.910 168.406 1242.000 232.036 1.524 1.633 3.842 14.239 0.656 17.284 2.106 0.419
Car 0 0 1.110 724.229 167.699 755.131 188.286 1.526 1.634 3.915 9.646 0.381 53.491 1.287 0.413
Car 0 0 1.869 1018.271 165.990 1055.084 196.386 1.526 1.634 3.915 21.446 0.418 36.229 2.403 0.405
Car 0 0 1.867 1066.035 165.048 1110.202 189.597 1.526 1.634 3.915 29.752 0.278 44.858 2.452 0.324
