Car 0 0 -2.018 749.854 181.237 996.565 332.313 1.526 1.634 3.915 2.663 0.848 7.289 -1.668 0.921
Car 0 0 0.459 336.992 180.885 443.553 256.683 1.526 1.634 3.915 -4.415 0.925 14.528 0.163 0.714
Car 0 0 1.524 505.695 170.915 546.703 200.461 1.526 1.634 3.915 -4.306 0.663 37.271 1.409 0.704
Car 0 0 1.927 0.095 208.336 89.793 368.196 1.526 1.634 3.915 -5.390 1.102 6.889 1.262 0.572
Car 0 0 2.295 46.410 178.848 192.321 242.665 1.526 1.634 3.915 -11.723 0.906 17.256 1.697 0.553
Car 0 0 0.185 401.068 178.286 488.485 229.593 1.526 1.634 3.915 -4.902 0.925 21.463 -0.040 0.529
Car 0 0 -2.232 706.899 177.540 776.120 214.617 1.526 1.634 3.915 5.431 0.956 29.700 -2.052 0.524
Truck 0 0 -1.383 128.723 175.036 347.912 338.738 3.014 2.590 8.934 -6.835 1.547 13.285 -1.859 0.509
Car 0 0 -1.833 620.259 177.029 657.715 200.885 1.526 1.634 3.915 1.883 1.030 46.160 -1.794 0.416
Car 0 0 1.555 437.625 166.347 505.810 208.706 1.526 1.634 3.915 -4.966 0.529 25.997 1.366 0.334
