Car 0 0 -3.261 707.497 161.854 831.839 208.057 1.526 1.634 3.915 5.289 0.400 23.834 -3.044 0.697
Car 0 0 1.110 1168.686 139.928 1241.483 184.828 1.526 1.634 3.915 20.243 -0.356 24.526 1.800 0.679
Car 0 0 -0.616 957.317 149.986 1056.253 177.245 1.526 1.634 3.915 22.240 -0.517 40.397 -0.113 0.621
Car 0 0 1.636 509.545 178.183 545.662 208.141 1.526 1.634 3.915 -4.175 1.035 36.757 1.522 0.577
Car 0 0 1.546 655.683 170.498 686.332 191.679 1.526 1.634 3.915 4.428 0.593 51.989 1.631 0.576
Car 0 0 1.891 1107.847 145.077 1192.148 178.834 1.526 1.634 3.915 24.434 -0.493 32.622 2.533 0.515
Car 0 0 1.850 585.129 173.227 612.077 191.834 1.526 1.634 3.915 -0.899 0.794 59.182 1.834 0.484
Car 0 0 -1.733 895.747 152.879 929.261 175.234 1.526 1.634 3.915 20.682 -0.601 49.260 -1.336 0.378
Car 0 0 1.796 542.755 174.776 570.484 198.657 1.526 1.634 3.915 -3.383 0.886 46.112 1.721 0.329
Car 0 0 -1.576 620.237 172.215 644.242 192.784 1.526 1.634 3.915 1.683 0.716 53.537 -1.545 0.325
Car 0 0 1.721 550.834 175.054 579.332 193.931 1.526 1.634 3.915 -3.596 0.941 58.338 1.659 0.300
Car 0 0 -0.865 864.153 151.468 928.074 176.543 1.526 1.634 3.915 17.441 -0.539 43.916 -0.487 0.290
