Car 0 0 2.497 41.004 186.258 200.179 234.125 1.526 1.634 3.915 -15.416 0.946 22.543 1.897 0.896
Car 0 0 2.215 399.483 172.814 465.298 206.978 1.526 1.634 3.915 -7.670 0.419 31.585 1.976 0.740
Car 0 0 -1.101 446.925 176.293 534.135 215.144 1.526 1.634 3.915 -4.461 0.598 27.775 -1.261 0.696
Car 0 0 -0.532 215.675 188.133 368.616 243.208 1.526 1.634 3.915 -8.644 0.974 19.593 -0.948 0.690
Car 0 0 1.761 536.373 169.408 576.918 193.717 1.510 1.627 3.313 -2.947 0.066 43.923 1.693 0.613
Car 0 0 1.848 575.513 173.342 629.182 202.073 1.526 1.634 3.915 -0.092 0.382 37.558 1.845 0.510
Car 0 0 1.866 1034.181 159.641 1068.327 176.153 1.526 1.634 3.915 41.330 -1.165 65.349 2.429 0.342
Car 0 0 -1.555 704.346 169.073 728.626 188.700 1.526 1.634 3.915 8.740 -0.126 54.979 -1.398 0.327
Car 0 0 1.971 820.983 157.725 858.893 174.166 1.526 1.634 3.915 21.894 -1.352 65.633 2.292 0.274
Car 0 0 1.935 0.183 161.791 57.835 222.473 1.526 1.634 3.915 -14.464 0.292 17.783 1.253 0.261
Car 0 0 1.282 1045.995 158.512 1086.891 176.197 1.526 1.634 3.915 39.901 -1.135 61.018 1.861 0.252
