Car 0 0 -2.281 140.246 179.878 409.924 319.231 1.526 1.634 3.915 -3.663 0.840 7.902 -2.716 0.906
Car 0 0 -2.342 966.558 203.137 1241.223 372.191 1.526 1.634 3.915 4.463 1.036 6.514 -1.743 0.896
Car 0 0 -1.951 804.850 193.379 1020.753 303.350 1.526 1.634 3.915 4.208 1.048 10.014 -1.554 0.851
Car 0 0 -1.615 587.573 170.528 651.925 221.884 1.526 1.634 3.915 0.303 0.694 21.443 -1.602 0.845
Car 0 0 -2.099 373.182 172.695 473.167 231.812 1.526 1.634 3.915 -4.812 0.759 18.627 -2.352 0.754
Car 0 0 -1.798 745.167 159.641 868.475 251.676 1.526 1.634 3.915 3.271 0.544 11.965 -1.532 0.723
Car 0 0 2.428 11.015 175.690 225.067 269.859 1.526 1.634 3.915 -7.966 0.809 11.694 1.830 0.630
Car 0 0 1.529 461.467 172.358 505.796 223.812 1.526 1.634 3.915 -3.735 0.748 21.402 1.356 0.582
Car 0 0 2.203 0.024 207.617 20.173 305.694 1.526 1.634 3.915 -9.328 1.304 11.228 1.510 0.369
Car 0 0 1.541 548.124 164.392 579.758 192.595 1.526 1.634 3.915 -2.469 0.305 39.046 1.476 0.336
Car 0 0 1.269 521.695 156.694 580.126 195.102 1.526 1.634 3.915 -2.331 0.121 28.671 1.187 0.253
