Car 0 0 2.140 0.321 195.215 156.516 358.791 1.526 1.634 3.915 -4.956 0.972 6.732 1.505 0.863
Car 0 0 -1.565 589.442 178.848 661.105 239.773 1.526 1.634 3.915 0.394 0.913 18.075 -1.543 0.763
Car 0 0 2.230 114.730 198.077 205.310 264.011 1.526 1.634 3.915 -10.406 1.347 16.701 1.672 0.740
Car 0 0 -2.102 1151.800 170.266 1241.442 370.811 1.526 1.634 3.915 4.468 0.743 5.491 -1.420 0.704
Car 0 0 1.930 378.730 182.840 470.070 233.371 1.526 1.634 3.915 -5.592 1.065 21.792 1.678 0.704
Car 0 0 2.057 199.908 178.265 307.092 245.961 1.526 1.634 3.915 -8.027 0.885 16.267 1.598 0.669
Car 0 0 -1.503 694.885 180.079 746.831 231.868 1.526 1.634 3.915 3.280 0.976 21.264 -1.351 0.631
Car 0 0 1.960 335.192 181.282 396.028 221.466 1.526 1.634 3.915 -9.265 1.083 27.404 1.633 0.570
Car 0 0 1.748 507.153 180.840 548.905 207.357 1.526 1.634 3.915 -4.692 1.223 41.528 1.636 0.565
Truck 0 0 -1.075 755.111 178.909 890.957 254.584 3.075 2.618 11.229 8.675 1.784 29.322 -0.787 0.462
Car 0 0 2.011 755.237 180.311 890.841 254.352 1.526 1.634 3.915 4.400 0.917 14.873 2.299 0.414
Car 0 0 -1.866 734.930 181.566 775.438 232.618 1.526 1.634 3.915 4.353 1.024 21.570 -1.667 0.331
