Car 0 0 2.156 0.066 231.472 246.679 371.751 1.526 1.634 3.915 -5.290 1.401 7.850 1.563 0.903
Car 0 0 1.909 192.450 159.886 480.660 335.803 1.526 1.634 3.915 -2.368 0.651 6.260 1.546 0.815
Car 0 0 1.739 472.363 187.329 523.419 257.980 1.526 1.634 3.915 -2.412 1.076 15.587 1.584 0.733
Car 0 0 -0.056 678.319 180.049 802.499 231.485 1.526 1.634 3.915 3.882 0.977 21.409 0.123 0.704
Cyclist 0 0 2.232 948.197 226.961 1164.713 373.607 1.739 0.571 1.833 5.301 1.512 8.559 2.786 0.680
Car 0 0 1.787 633.039 178.876 686.901 212.648 1.526 1.634 3.915 2.278 1.035 32.607 1.856 0.678
Car 0 0 -1.056 159.516 206.640 255.734 284.015 1.526 1.634 3.915 -7.928 1.430 14.232 -1.565 0.638
Car 0 0 1.589 507.132 185.611 553.799 230.288 1.526 1.634 3.915 -2.702 1.199 24.649 1.480 0.527
Cyclist 0 0 2.165 877.012 214.361 1032.955 338.153 1.739 0.571 1.833 4.854 1.453 10.139 2.610 0.476
Cyclist 0 0 -1.995 1159.382 282.571 1240.641 373.736 1.739 0.571 1.833 11.266 2.963 13.767 -1.309 0.355
Car 0 0 -1.640 615.626 179.257 637.713 203.702 1.526 1.634 3.915 1.068 1.163 45.049 -1.617 0.343
Car 0 0 1.733 525.383 172.584 573.044 210.047 1.531 1.634 3.947 -2.466 0.754 29.483 1.649 0.306
