Car 0 0 1.738 406.496 186.835 476.081 233.673 1.526 1.634 3.915 -5.305 0.969 23.039 1.511 0.857
Car 0 0 2.148 0.011 206.131 75.317 315.103 1.526 1.634 3.915 -7.933 1.122 9.902 1.472 0.825
Car 0 0 2.049 59.977 196.142 230.415 286.156 1.526 1.634 3.915 -7.780 1.028 11.988 1.473 0.773
Car 0 0 2.145 329.630 186.305 387.620 227.098 1.526 1.634 3.915 -9.183 0.980 26.453 1.810 0.726
Car 0 0 1.905 220.641 194.945 322.352 250.490 1.526 1.634 3.915 -9.138 1.160 19.427 1.465 0.657
Car 0 0 -2.059 1145.546 145.239 1241.222 181.506 1.501 1.623 2.984 24.395 -0.709 29.270 -1.365 0.532
Car 0 0 1.643 655.823 169.981 702.922 200.804 1.526 1.634 3.915 3.728 0.242 35.009 1.749 0.477
Car 0 0 1.546 1087.295 138.820 1135.434 174.057 1.501 1.649 4.111 21.606 -1.025 30.115 2.168 0.446
Car 0 0 -1.604 627.996 167.185 658.677 197.084 1.526 1.634 3.915 2.004 0.083 36.091 -1.549 0.440
Car 0 0 1.774 316.358 188.820 353.060 230.339 1.526 1.634 3.915 -9.902 1.069 25.990 1.409 0.264
