Car 0 0 -1.906 746.173 201.604 964.215 328.360 1.526 1.634 3.915 2.958 1.109 8.688 -1.578 0.875
Car 0 0 1.728 489.025 174.911 551.426 215.937 1.526 1.634 3.915 -3.323 0.840 26.841 1.605 0.758
Car 0 0 0.500 328.210 180.500 462.859 252.023 1.526 1.634 3.915 -4.567 0.926 15.397 0.211 0.669
Car 0 0 1.654 547.280 172.849 588.547 210.041 1.526 1.634 3.915 -1.709 0.763 29.609 1.595 0.628
Car 0 0 -2.460 418.244 176.730 494.342 223.444 1.526 1.634 3.915 -5.007 0.890 23.573 -2.669 0.605
Car 0 0 -1.718 699.453 185.937 780.235 242.458 1.526 1.634 3.915 3.518 1.116 19.483 -1.541 0.534
Car 0 0 -1.388 27.134 168.436 240.596 253.933 1.526 1.634 3.915 -8.492 0.684 12.880 -1.971 0.451
Car 0 0 1.574 631.967 169.095 657.133 191.946 1.507 1.625 3.203 2.308 0.506 47.590 1.621 0.360
Car 0 0 -1.492 0.000 180.561 178.167 369.616 1.526 1.634 3.915 -4.202 0.825 5.825 -2.117 0.316
Car 0 0 -1.694 663.755 174.617 695.797 207.945 1.505 1.624 3.119 3.171 0.832 32.582 -1.598 0.307
Car 0 0 -2.519 197.029 176.827 359.289 260.766 1.526 1.634 3.915 -6.026 0.835 13.119 -2.950 0.280
Car 0 0 1.705 603.115 166.699 631.925 187.531 1.526 1.634 3.915 0.583 0.312 52.860 1.716 0.274
