Car 0 0 -1.978 755.613 203.448 1044.151 365.008 1.526 1.634 3.915 2.794 0.980 6.679 -1.582 0.877
Car 0 0 2.011 0.292 246.207 127.535 370.133 1.526 1.634 3.915 -6.652 1.572 8.708 1.358 0.805
Car 0 0 2.084 11.590 167.513 367.255 293.829 1.526 1.634 3.915 -5.010 0.606 8.543 1.553 0.778
Car 0 0 -2.331 339.056 182.407 446.624 232.991 1.526 1.634 3.915 -6.373 0.820 21.333 -2.622 0.729
Car 0 0 -1.797 665.560 181.277 758.209 249.482 1.526 1.634 3.915 2.412 0.780 15.821 -1.647 0.617
Car 0 0 1.668 429.576 182.543 481.269 223.891 1.526 1.634 3.915 -5.487 0.838 26.098 1.460 0.524
Car 0 0 1.382 505.904 179.005 547.753 206.280 1.526 1.634 3.915 -4.323 0.679 39.562 1.272 0.467
Car 0 0 -1.669 458.939 176.522 510.387 221.277 1.526 1.634 3.915 -4.072 0.627 24.111 -1.837 0.405
Car 0 0 -1.618 657.904 178.423 690.993 224.862 1.526 1.634 3.915 2.313 0.695 23.237 -1.520 0.343
Car 0 0 1.939 547.722 176.380 582.088 195.372 1.526 1.634 3.915 -3.148 0.431 56.820 1.882 0.257
