Car 0 0 -1.746 568.897 176.385 759.692 355.904 1.526 1.634 3.915 0.465 0.793 6.134 -1.670 0.895
Car 0 0 2.138 50.397 193.467 228.573 267.745 1.526 1.634 3.915 -9.659 1.187 14.825 1.561 0.814
Car 0 0 -1.825 1174.600 205.618 1241.259 371.154 1.526 1.634 3.915 5.517 1.065 6.652 -1.134 0.646
Car 0 0 1.847 341.281 180.433 425.231 218.386 1.526 1.634 3.915 -9.100 1.068 29.015 1.542 0.569
Pedestrian 0 0 2.251 317.693 186.028 342.777 273.436 1.760 0.660 0.932 -5.626 1.146 14.532 1.881 0.529
Car 0 0 1.756 488.718 183.517 521.123 206.812 1.526 1.634 3.915 -6.856 1.462 47.273 1.611 0.463
Car 0 0 2.073 234.773 179.241 312.658 218.848 1.526 1.634 3.915 -12.941 1.009 27.803 1.636 0.452
Car 0 0 -1.036 726.275 175.025 790.475 227.370 1.526 1.634 3.915 4.339 0.826 21.038 -0.833 0.401
Car 0 0 1.730 775.465 181.971 836.006 223.466 1.526 1.634 3.915 7.215 1.098 26.538 1.995 0.347
Car 0 0 1.722 566.066 172.862 593.565 190.085 1.526 1.634 3.915 -2.636 0.764 63.938 1.680 0.285
Car 0 0 1.820 451.259 179.082 522.306 208.055 1.526 1.634 3.915 -6.468 1.091 38.009 1.651 0.283
