Car 0 0 -1.880 726.577 194.414 890.869 295.952 1.526 1.634 3.915 2.994 1.087 10.845 -1.611 0.895
Car 0 0 0.517 369.292 180.644 481.551 244.312 1.526 1.634 3.915 -4.414 0.950 17.296 0.267 0.717
Car 0 0 -2.383 0.265 273.270 98.443 371.375 1.526 1.634 3.915 -8.715 2.325 11.225 -3.044 0.716
Car 0 0 1.623 550.813 173.833 588.205 207.770 1.526 1.634 3.915 -1.801 0.807 32.448 1.567 0.634
Car 0 0 -1.718 690.720 185.252 755.746 235.412 1.526 1.634 3.915 3.459 1.140 21.954 -1.562 0.605
Car 0 0 1.995 256.373 175.439 397.036 273.984 1.526 1.634 3.915 -4.381 0.803 11.175 1.621 0.581
Car 0 0 1.765 498.208 176.617 554.208 208.982 1.526 1.634 3.915 -3.930 0.941 34.025 1.650 0.555
Car 0 0 -2.149 428.836 176.129 502.918 212.197 1.526 1.634 3.915 -6.080 0.902 30.532 -2.347 0.539
Car 0 0 2.241 0.147 185.700 123.021 316.057 1.526 1.634 3.915 -6.416 0.913 8.448 1.591 0.403
Car 0 0 1.580 630.069 167.528 652.791 187.139 1.459 1.604 1.415 2.372 0.333 53.697 1.624 0.297
Car 0 0 -2.998 865.906 189.047 942.199 223.777 1.526 1.634 3.915 12.941 1.475 31.707 -2.611 0.263
