Car 0 0 -2.091 0.232 147.279 310.173 369.505 1.526 1.634 3.915 -3.083 0.535 4.856 -2.657 0.813
Car 0 0 -1.607 577.315 180.216 633.249 226.120 1.526 1.634 3.915 0.040 0.753 23.508 -1.606 0.768
Car 0 0 -2.090 297.007 184.012 464.573 263.149 1.526 1.634 3.915 -4.306 0.831 13.636 -2.397 0.761
Car 0 0 -1.698 662.019 181.967 697.702 209.871 1.526 1.634 3.915 4.145 0.843 38.671 -1.593 0.619
Car 0 0 -1.786 713.161 184.923 748.756 245.084 1.526 1.634 3.915 3.219 0.875 17.937 -1.610 0.540
Car 0 0 -1.890 405.076 180.861 474.501 231.832 1.526 1.634 3.915 -4.919 0.774 21.171 -2.119 0.518
Car 0 0 -1.703 505.377 185.747 535.487 209.376 1.471 1.667 4.345 -5.206 1.061 44.003 -1.821 0.464
Car 0 0 -1.696 460.883 180.046 507.687 220.977 1.526 1.634 3.915 -4.467 0.746 26.364 -1.864 0.456
Car 0 0 -1.750 532.951 179.345 562.820 206.729 1.526 1.634 3.915 -3.132 0.698 39.406 -1.831 0.442
Car 0 0 1.774 291.091 177.486 328.624 208.931 1.526 1.634 3.915 -14.280 0.616 34.317 1.378 0.259
