Car 0 0 -2.117 829.067 183.118 1104.773 346.996 1.526 1.634 3.915 3.379 0.787 6.585 -1.644 0.895
Car 0 0 1.836 381.293 187.831 482.160 250.623 1.526 1.634 3.915 -4.189 0.941 17.185 1.596 0.860
Car 0 0 -1.953 761.267 187.743 875.442 271.281 1.526 1.634 3.915 3.915 0.895 12.917 -1.659 0.834
Car 0 0 -1.691 729.053 181.044 793.254 239.361 1.526 1.634 3.915 4.111 0.777 18.504 -1.472 0.723
Car 0 0 1.727 541.701 179.906 575.935 200.275 1.526 1.634 3.915 -3.391 0.718 52.976 1.662 0.604
Car 0 0 1.720 469.312 185.068 510.390 227.391 1.526 1.634 3.915 -4.119 0.928 25.497 1.558 0.538
Car 0 0 1.834 506.905 183.575 539.311 219.540 1.526 1.634 3.915 -3.436 0.893 30.004 1.719 0.479
Car 0 0 -0.008 1094.037 304.971 1241.669 372.463 1.526 1.634 3.915 12.748 3.578 15.988 0.664 0.470
Car 0 0 -1.871 681.058 176.635 719.244 215.372 1.526 1.634 3.915 3.785 0.611 27.857 -1.736 0.457
Car 0 0 -1.740 704.935 179.221 741.199 225.781 1.526 1.634 3.915 3.900 0.721 23.177 -1.573 0.414
