Car 0 0 2.212 0.229 231.707 353.665 371.314 1.526 1.634 3.915 -4.729 1.406 7.888 1.671 0.870
Car 0 0 -1.992 755.849 193.629 1001.668 361.451 1.526 1.634 3.915 2.448 0.952 6.562 -1.636 0.810
Car 0 0 -1.817 690.412 193.524 794.216 275.119 1.526 1.634 3.915 2.483 1.150 13.496 -1.635 0.760
Car 0 0 1.697 497.107 190.025 557.627 235.534 1.526 1.634 3.915 -2.756 1.339 24.198 1.583 0.616
Car 0 0 1.844 276.083 198.411 482.145 353.644 1.526 1.634 3.915 -2.266 1.014 7.094 1.535 0.579
Truck 0 0 1.844 275.629 196.749 481.735 353.832 3.075 2.618 11.229 -4.520 2.005 14.126 1.534 0.556
Car 0 0 1.702 614.227 187.822 645.994 207.182 1.526 1.634 3.915 1.620 1.943 56.882 1.730 0.418
Car 0 0 1.608 538.131 176.593 584.753 222.374 1.526 1.634 3.915 -1.604 0.888 24.054 1.540 0.405
Car 0 0 1.814 642.913 185.548 670.537 205.996 1.526 1.634 3.915 3.520 1.711 53.853 1.878 0.388
Car 0 0 1.589 669.026 183.855 703.104 205.705 1.526 1.634 3.915 5.344 1.532 50.399 1.694 0.376
Car 0 0 1.635 579.824 180.665 609.293 214.616 1.526 1.634 3.915 -0.674 1.114 32.435 1.614 0.358
