Car 0 0 -1.967 684.260 204.777 892.368 318.158 1.526 1.634 3.915 2.480 1.090 9.517 -1.712 0.911
Car 0 0 2.183 0.255 250.755 108.421 375.000 1.526 1.634 3.915 -6.753 1.626 8.685 1.522 0.874
Car 0 0 -2.438 1000.148 163.902 1241.268 370.381 1.526 1.634 3.915 3.819 0.640 5.226 -1.807 0.851
Car 0 0 1.978 46.588 216.952 252.534 345.198 1.526 1.634 3.915 -5.409 1.197 8.414 1.406 0.821
Car 0 0 -1.799 560.577 199.056 626.922 233.079 1.526 1.634 3.915 -0.463 1.595 31.716 -1.815 0.655
Car 0 0 1.739 386.845 193.808 424.218 221.608 1.526 1.634 3.915 -10.900 1.493 38.816 1.465 0.631
Car 0 0 2.245 784.288 173.909 884.542 213.706 1.526 1.634 3.915 8.833 0.510 27.114 2.559 0.348
Car 0 0 1.618 544.629 189.661 565.036 206.052 1.526 1.634 3.915 -4.586 1.615 65.835 1.548 0.309
Car 0 0 1.849 474.435 187.700 498.202 199.900 1.526 1.634 3.915 -14.732 1.663 88.450 1.683 0.277
Car 0 0 1.376 249.184 187.180 294.294 224.101 1.526 1.634 3.915 -13.738 1.039 29.227 0.935 0.262
Car 0 0 1.479 469.696 189.381 485.806 201.592 1.526 1.634 3.915 -15.789 1.872 88.366 1.301 0.258
