Car 0 0 -2.387 881.286 181.789 1126.413 271.881 1.526 1.634 3.915 6.679 0.914 12.223 -1.887 0.893
Car 0 0 2.108 0.000 169.096 303.852 350.603 1.526 1.634 3.915 -3.848 0.731 6.067 1.542 0.788
Car 0 0 2.112 0.160 232.007 106.344 372.979 1.526 1.634 3.915 -6.023 1.403 7.812 1.455 0.763
Car 0 0 2.087 287.460 200.073 379.301 274.591 1.526 1.634 3.915 -5.656 1.321 14.778 1.721 0.754
Car 0 0 -2.576 348.622 193.827 453.656 245.869 1.526 1.634 3.915 -6.112 1.378 21.160 -2.857 0.720
Car 0 0 -1.802 659.600 186.037 720.430 229.874 1.526 1.634 3.915 2.801 1.222 25.120 -1.691 0.645
Car 0 0 -1.750 468.299 181.614 530.287 214.083 1.526 1.634 3.915 -5.183 1.175 33.916 -1.902 0.620
Car 0 0 1.846 529.314 180.874 567.344 205.733 1.526 1.634 3.915 -3.759 1.255 44.298 1.761 0.476
Car 0 0 -1.707 633.153 182.487 664.948 215.059 1.526 1.634 3.915 1.850 1.214 33.808 -1.652 0.440
Car 0 0 -1.228 415.933 190.384 476.240 235.786 1.526 1.634 3.915 -5.495 1.352 24.255 -1.451 0.368
Car 0 0 0.277 453.680 188.621 496.404 224.577 1.526 1.634 3.915 -5.710 1.432 30.626 0.092 0.253
