Car 0 0 2.110 0.090 186.300 88.229 308.636 1.526 1.634 3.915 -7.054 0.931 9.001 1.446 0.817
Car 0 0 -3.005 73.387 176.470 325.086 260.850 1.526 1.634 3.915 -7.422 0.828 13.051 -3.523 0.746
Pedestrian 0 0 -1.061 320.937 171.716 346.721 241.826 1.760 0.660 0.932 -6.924 0.852 18.118 -1.427 0.575
Car 0 0 1.750 351.720 175.882 432.301 215.507 1.522 1.632 3.745 -8.354 0.877 27.708 1.457 0.564
Car 0 0 1.577 472.178 173.279 500.000 198.384 1.526 1.634 3.915 -7.506 0.789 43.863 1.408 0.437
Pedestrian 0 0 -2.200 298.187 158.879 347.697 243.207 1.760 0.660 0.932 -5.984 0.588 15.063 -2.579 0.397
Car 0 0 -1.591 644.004 168.032 675.495 191.516 1.526 1.634 3.915 3.262 0.450 46.891 -1.522 0.338
Car 0 0 1.436 673.894 168.587 700.482 190.065 1.526 1.634 3.915 5.516 0.460 51.272 1.542 0.330
Car 0 0 1.732 422.372 175.183 459.298 209.994 1.526 1.634 3.915 -7.397 0.865 31.634 1.501 0.287
Car 0 0 -1.955 215.129 180.461 325.766 244.749 1.526 1.634 3.915 -8.050 0.944 17.129 -2.395 0.285
