Car 0 0 -2.276 850.061 215.394 1241.759 372.648 1.526 1.634 3.915 4.288 1.102 6.862 -1.719 0.937
Car 0 0 1.138 65.815 192.940 268.678 309.258 1.526 1.634 3.915 -5.732 0.926 9.277 0.585 0.879
Car 0 0 -1.224 246.705 214.751 482.666 355.257 1.526 1.634 3.915 -2.600 1.135 7.680 -1.551 0.830
Car 0 0 -1.954 733.166 207.892 939.659 344.477 1.526 1.634 3.915 2.596 1.069 7.901 -1.637 0.787
Car 0 0 1.607 566.548 187.319 628.708 235.582 1.526 1.634 3.915 -0.204 0.979 22.358 1.597 0.734
Car 0 0 -1.634 401.452 194.343 507.444 278.577 1.526 1.634 3.915 -2.711 1.014 12.811 -1.843 0.675
Car 0 0 -1.641 632.910 188.853 673.898 222.797 1.526 1.634 3.915 2.218 1.138 31.790 -1.572 0.604
Car 0 0 1.475 528.594 185.143 564.064 213.119 1.526 1.634 3.915 -3.151 1.016 38.572 1.393 0.602
Car 0 0 -1.799 695.092 187.726 791.846 270.988 1.526 1.634 3.915 2.555 0.895 12.960 -1.605 0.484
Car 0 0 2.088 243.580 187.842 297.508 220.380 1.526 1.634 3.915 -15.644 1.107 33.164 1.647 0.345
Car 0 0 0.156 832.847 209.105 940.463 245.939 1.526 1.634 3.915 11.708 1.948 29.297 0.535 0.343
Car 0 0 1.513 502.918 185.547 532.626 210.167 1.526 1.634 3.915 -5.350 1.076 43.829 1.390 0.283
