Car 0 0 -2.294 1001.712 224.492 1241.422 371.222 1.526 1.634 3.915 5.326 1.300 7.505 -1.678 0.889
Car 0 0 2.107 8.054 200.185 333.591 368.403 1.526 1.634 3.915 -3.981 1.011 6.546 1.560 0.880
Car 0 0 -2.065 790.456 193.411 1064.456 333.581 1.526 1.634 3.915 3.461 0.987 7.856 -1.650 0.856
Car 0 0 1.977 305.133 195.633 427.830 276.035 1.526 1.634 3.915 -4.614 1.195 13.696 1.652 0.818
Car 0 0 -1.819 742.605 188.663 852.043 270.493 1.526 1.634 3.915 3.502 1.058 13.457 -1.565 0.734
Car 0 0 -1.718 714.854 183.122 779.720 238.214 1.526 1.634 3.915 3.815 1.048 19.988 -1.530 0.672
Car 0 0 1.692 472.312 185.551 520.527 218.734 1.526 1.634 3.915 -5.204 1.347 33.185 1.536 0.630
Car 0 0 -1.823 686.184 180.582 732.531 224.770 1.526 1.634 3.915 3.447 1.030 24.921 -1.686 0.498
Car 0 0 2.063 1193.991 188.701 1241.641 232.809 1.526 1.634 3.915 21.046 1.311 24.966 2.762 0.309
Car 0 0 0.857 146.443 184.037 199.858 206.245 1.526 1.634 3.915 -29.991 1.532 49.586 0.313 0.300
Car 0 0 1.587 525.748 183.155 545.604 209.406 1.526 1.634 3.915 -4.295 1.362 41.948 1.484 0.299
Car 0 0 1.036 985.664 182.356 1062.751 216.849 1.526 1.634 3.915 18.347 1.184 31.926 1.557 0.255
Car 0 0 1.752 621.514 177.377 655.783 193.852 1.526 1.634 3.915 2.695 1.182 66.841 1.791 0.251
