Car 0 0 -2.236 902.014 190.514 1241.298 374.193 1.526 1.634 3.915 3.840 0.910 5.995 -1.667 0.947
Car 0 0 -2.341 209.951 176.454 441.987 288.776 1.526 1.634 3.915 -3.853 0.812 9.804 -2.717 0.900
Car 0 0 2.264 0.074 174.040 111.997 284.933 1.526 1.634 3.915 -7.618 0.779 9.930 1.610 0.898
Car 0 0 -1.597 591.854 168.735 652.239 219.182 1.526 1.634 3.915 0.378 0.638 21.829 -1.580 0.865
Car 0 0 -1.923 785.681 182.985 955.607 278.323 1.526 1.634 3.915 4.179 0.925 11.551 -1.577 0.854
Car 0 0 2.314 122.666 170.880 270.771 251.757 1.526 1.634 3.915 -7.791 0.726 13.616 1.793 0.749
Car 0 0 -1.986 400.366 166.602 490.393 220.561 1.526 1.634 3.915 -4.644 0.586 20.408 -2.210 0.660
Car 0 0 -1.804 736.362 156.010 856.276 240.466 1.526 1.634 3.915 3.375 0.459 13.039 -1.552 0.607
Car 0 0 -1.762 473.509 167.674 517.192 214.847 1.526 1.634 3.915 -3.695 0.596 23.344 -1.919 0.492
Car 0 0 1.668 550.824 163.598 586.394 190.020 1.526 1.634 3.915 -2.365 0.228 41.678 1.610 0.436
Car 0 0 1.850 102.059 172.552 187.075 240.740 1.526 1.634 3.915 -10.407 0.756 16.149 1.277 0.291
Car 0 0 1.930 500.690 163.163 540.448 200.160 1.526 1.634 3.915 -3.671 0.363 29.765 1.806 0.287
Car 0 0 -2.313 531.138 155.371 591.359 187.551 1.526 1.634 3.915 -2.291 -0.066 34.220 -2.381 0.259
