Car 0 0 1.819 394.698 163.388 538.613 267.103 1.526 1.634 3.915 -2.103 0.624 10.618 1.623 0.876
Pedestrian 0 0 -2.564 864.165 163.879 928.610 303.734 1.760 0.660 0.932 3.611 0.767 9.083 -2.186 0.842
Pedestrian 0 0 2.283 756.922 163.492 839.279 326.588 1.760 0.660 0.932 2.035 0.779 7.788 2.538 0.840
Pedestrian 0 0 1.761 315.685 169.372 347.160 242.528 1.760 0.660 0.932 -6.693 0.796 17.364 1.392 0.683
Pedestrian 0 0 1.775 1158.853 144.424 1226.409 296.755 1.760 0.660 0.932 6.739 0.552 8.339 2.454 0.676
Pedestrian 0 0 2.424 688.844 160.305 723.401 248.365 1.760 0.660 0.932 1.930 0.629 14.425 2.557 0.533
Pedestrian 0 0 -1.871 571.797 164.052 601.755 249.333 1.760 0.660 0.932 -0.470 0.699 14.895 -1.903 0.425
Pedestrian 0 0 2.220 609.791 168.494 645.899 259.033 1.760 0.660 0.932 0.356 0.795 14.030 2.244 0.422
Pedestrian 0 0 -1.874 566.025 162.605 644.659 258.118 1.760 0.660 0.932 -0.078 0.691 13.299 -1.880 0.371
Pedestrian 0 0 2.186 648.569 167.481 676.522 247.657 1.755 0.657 0.715 1.160 0.760 15.791 2.258 0.363
