Car 0 0 2.010 193.299 191.445 350.067 273.415 1.526 1.634 3.915 -6.291 1.109 13.434 1.571 0.887
Car 0 0 -1.734 1046.676 159.683 1241.241 370.656 1.526 1.634 3.915 3.866 0.668 5.220 -1.097 0.868
Car 0 0 -1.332 879.434 177.124 1084.545 316.364 1.526 1.634 3.915 4.082 0.810 7.909 -0.856 0.859
Car 0 0 -1.130 785.292 174.212 928.444 265.825 1.526 1.634 3.915 4.120 0.786 12.020 -0.800 0.788
Car 0 0 -1.651 586.945 170.763 635.729 215.109 1.526 1.634 3.915 0.061 0.691 24.832 -1.649 0.647
Car 0 0 1.726 421.569 173.248 463.829 198.642 1.526 1.634 3.915 -10.028 0.787 43.365 1.498 0.569
Car 0 0 1.787 474.340 182.153 507.100 199.033 1.526 1.634 3.915 -10.745 1.604 65.239 1.623 0.555
Car 0 0 -0.936 691.439 170.517 798.629 224.106 1.526 1.634 3.915 3.858 0.697 20.549 -0.751 0.490
Car 0 0 -1.723 664.574 177.240 700.952 207.889 1.526 1.634 3.915 3.645 0.981 35.929 -1.623 0.322
Car 0 0 1.945 510.537 172.571 530.882 187.525 1.526 1.634 3.915 -9.068 0.734 73.641 1.822 0.258
