Car 0 0 -1.949 1047.175 171.839 1241.187 372.407 1.526 1.634 3.915 4.068 0.755 5.490 -1.312 0.913
Car 0 0 -1.088 833.234 178.354 1074.591 315.176 1.526 1.634 3.915 3.841 0.824 8.048 -0.643 0.890
Car 0 0 -1.117 756.506 168.545 907.787 271.915 1.513 1.628 3.420 3.258 0.693 10.561 -0.818 0.746
Car 0 0 1.698 490.789 180.539 522.174 203.674 1.526 1.634 3.915 -6.800 1.270 47.601 1.556 0.595
Car 0 0 -1.622 592.891 175.119 639.191 215.463 1.526 1.634 3.915 0.245 0.849 27.296 -1.613 0.538
Car 0 0 1.538 721.375 176.770 775.929 239.251 1.473 1.610 1.921 3.279 0.829 17.010 1.727 0.534
Car 0 0 1.389 648.711 175.715 685.091 203.337 1.526 1.634 3.915 3.168 0.921 39.866 1.467 0.508
Car 0 0 -1.701 707.628 176.267 748.812 233.074 1.501 1.623 2.985 3.136 0.841 19.069 -1.538 0.436
Car 0 0 -1.615 685.136 175.575 717.477 215.631 1.526 1.634 3.915 3.496 0.867 27.491 -1.489 0.405
Car 0 0 1.840 445.559 174.496 471.095 192.109 1.526 1.634 3.915 -13.104 0.905 62.522 1.633 0.342
Car 0 0 1.757 527.968 173.297 548.456 189.185 1.526 1.634 3.915 -6.854 0.806 69.312 1.658 0.327
Car 0 0 1.387 541.962 172.114 559.795 190.305 1.526 1.634 3.915 -4.923 0.701 60.534 1.305 0.282
