Car 0 0 0.646 0.000 200.852 214.961 371.086 1.526 1.634 3.915 -4.501 1.014 6.469 0.038 0.868
Car 0 0 -2.556 214.533 171.955 377.378 258.779 1.526 1.634 3.915 -5.512 0.747 12.683 -2.967 0.865
Car 0 0 -1.932 752.999 197.223 965.766 330.598 1.526 1.634 3.915 2.859 1.042 8.256 -1.599 0.863
Car 0 0 0.590 2.542 165.793 296.054 313.337 1.526 1.634 3.915 -4.761 0.690 7.464 0.022 0.822
Car 0 0 0.407 318.512 162.349 463.350 242.901 1.526 1.634 3.915 -4.142 0.564 13.671 0.111 0.678
Truck 0 0 -1.717 621.655 153.798 682.985 203.760 3.059 2.611 10.635 2.618 0.363 44.183 -1.658 0.625
Car 0 0 -3.173 712.009 174.021 819.968 220.415 1.526 1.634 3.915 5.146 0.801 23.736 -2.961 0.504
Car 0 0 1.422 447.998 174.895 501.279 205.420 1.526 1.634 3.915 -6.746 0.865 36.076 1.236 0.386
Car 0 0 1.915 487.285 171.604 530.676 201.081 1.526 1.634 3.915 -5.207 0.698 37.357 1.775 0.352
Car 0 0 1.981 517.413 164.400 567.787 193.330 1.526 1.634 3.915 -3.532 0.317 38.065 1.887 0.320
