Car 0 0 -2.112 25.948 183.274 310.890 358.221 1.526 1.634 3.915 -3.848 0.854 6.294 -2.662 0.842
Car 0 0 -2.137 326.857 181.251 469.522 252.424 1.526 1.634 3.915 -4.533 0.943 15.472 -2.422 0.784
Car 0 0 -1.650 583.859 186.335 639.844 227.144 1.526 1.634 3.915 0.086 1.267 26.985 -1.648 0.739
Car 0 0 2.278 0.095 258.649 33.345 374.003 1.526 1.634 3.915 -7.844 1.898 9.546 1.589 0.631
Pedestrian 0 0 -1.721 751.109 179.381 784.814 249.533 1.760 0.660 0.932 3.975 1.044 18.107 -1.506 0.599
Car 0 0 2.077 1090.660 243.350 1241.513 372.834 1.526 1.634 3.915 6.560 1.594 8.504 2.734 0.559
Car 0 0 1.589 637.600 170.106 667.187 198.877 1.526 1.634 3.915 2.272 0.617 38.274 1.648 0.527
Car 0 0 1.549 432.325 184.038 489.180 239.940 1.526 1.634 3.915 -4.063 1.068 19.699 1.345 0.495
Car 0 0 -2.091 459.624 156.727 552.387 214.798 1.526 1.634 3.915 -2.722 0.339 18.963 -2.234 0.401
Car 0 0 -0.937 979.093 181.834 1205.816 264.547 1.526 1.634 3.915 8.910 0.929 13.314 -0.347 0.391
Car 0 0 -1.380 954.208 178.665 1035.453 251.031 1.526 1.634 3.915 8.125 0.886 15.217 -0.891 0.373
Car 0 0 1.803 548.283 176.932 574.309 205.322 1.526 1.634 3.915 -2.595 0.982 38.789 1.736 0.364
