Car 0 0 -2.052 690.900 212.886 970.953 371.550 1.526 1.634 3.915 2.129 1.148 6.940 -1.756 0.893
Car 0 0 1.964 15.623 225.393 282.310 373.118 1.526 1.634 3.915 -4.759 1.306 7.454 1.395 0.870
Car 0 0 -2.311 873.313 241.105 1241.717 372.889 1.526 1.634 3.915 5.188 1.554 8.356 -1.756 0.856
Car 0 0 1.715 343.035 192.908 410.216 245.732 1.526 1.634 3.915 -6.730 1.342 20.847 1.402 0.790
Car 0 0 1.522 257.373 218.117 352.463 291.818 1.526 1.634 3.915 -6.308 1.700 14.942 1.121 0.744
Car 0 0 -1.945 620.053 205.385 738.604 298.860 1.526 1.634 3.915 1.139 1.294 11.781 -1.849 0.723
Car 0 0 -1.738 571.718 194.497 645.212 266.239 1.526 1.634 3.915 -0.023 1.224 15.349 -1.740 0.720
Car 0 0 2.221 0.215 288.206 64.188 373.181 1.526 1.634 3.915 -10.370 2.835 12.959 1.546 0.690
Car 0 0 -1.650 522.118 197.377 546.003 235.278 1.526 1.634 3.915 -3.040 1.751 29.055 -1.754 0.406
Car 0 0 1.652 397.813 195.315 439.579 225.137 1.526 1.634 3.915 -9.768 1.913 36.926 1.392 0.348
Car 0 0 2.093 540.564 199.254 577.283 249.700 1.526 1.634 3.915 -1.532 1.562 21.829 2.021 0.263
