Car 0 0 -2.292 939.920 208.519 1241.359 373.018 1.526 1.634 3.915 4.463 1.094 6.694 -1.704 0.903
Car 0 0 2.030 103.483 185.543 216.227 229.366 1.526 1.634 3.915 -15.661 1.205 25.128 1.472 0.857
Car 0 0 -1.413 360.740 181.588 425.757 224.707 1.526 1.634 3.915 -7.656 1.072 25.539 -1.704 0.690
Car 0 0 -1.322 881.896 159.169 1077.706 318.905 1.479 1.612 2.140 3.428 0.613 6.680 -0.849 0.679
Car 0 0 -1.638 0.059 189.977 75.875 228.722 1.526 1.634 3.915 -22.515 1.438 28.422 -2.309 0.648
Car 0 0 -1.593 723.795 175.964 787.799 211.527 1.526 1.634 3.915 6.276 0.897 30.965 -1.394 0.585
Car 0 0 -1.282 268.418 168.931 349.984 225.604 1.526 1.634 3.915 -8.089 0.657 19.431 -1.677 0.544
Truck 0 0 -1.071 839.129 130.669 1015.690 211.632 3.166 2.609 11.859 12.430 -0.067 28.217 -0.656 0.441
Truck 0 0 -1.208 268.524 169.883 350.148 226.052 3.075 2.618 11.229 -16.438 1.375 39.505 -1.602 0.439
Truck 0 0 0.008 1113.914 134.632 1241.215 196.327 3.000 2.640 10.798 27.620 -0.359 35.086 0.674 0.415
Car 0 0 1.857 776.361 168.365 833.765 205.673 1.526 1.634 3.915 7.998 0.579 29.516 2.121 0.388
Car 0 0 -1.493 482.253 172.011 532.243 202.181 1.526 1.634 3.915 -5.176 0.720 36.501 -1.634 0.372
Car 0 0 -1.685 553.675 163.391 616.292 217.486 1.526 1.634 3.915 -0.693 0.496 20.357 -1.720 0.353
