Car 0 0 -2.290 533.075 161.297 830.653 325.586 1.526 1.634 3.915 0.723 0.585 6.568 -2.182 0.872
Car 0 0 -1.913 395.110 193.804 520.915 261.442 1.526 1.634 3.915 -3.296 1.063 15.954 -2.117 0.870
Car 0 0 -1.813 275.178 187.374 347.501 226.058 1.526 1.634 3.915 -11.550 1.034 27.895 -2.206 0.713
Car 0 0 1.222 898.367 168.510 1028.615 233.736 1.526 1.634 3.915 8.410 0.482 16.544 1.692 0.670
Car 0 0 1.624 248.164 183.429 276.242 201.232 1.526 1.634 3.915 -29.308 1.014 60.613 1.173 0.663
Car 0 0 0.971 814.798 170.114 886.041 220.497 1.525 1.633 3.855 7.454 0.448 21.395 1.306 0.651
Car 0 0 1.762 71.096 186.235 140.069 220.020 1.526 1.634 3.915 -22.519 1.022 31.940 1.147 0.574
Car 0 0 -2.466 472.174 175.145 556.799 226.241 1.526 1.634 3.915 -2.676 0.603 21.119 -2.593 0.530
Car 0 0 1.500 155.197 186.153 182.668 201.314 1.526 1.634 3.915 -43.804 1.331 71.175 0.947 0.442
Car 0 0 2.046 0.043 187.490 36.436 308.186 1.526 1.634 3.915 -7.408 0.851 8.941 1.354 0.376
Car 0 0 1.818 272.266 186.023 311.826 220.396 1.526 1.634 3.915 -13.854 1.008 31.393 1.403 0.363
Car 0 0 -0.186 989.849 158.941 1154.679 203.167 1.526 1.634 3.915 16.157 0.019 24.400 0.399 0.363
