Car 0 0 2.185 0.258 237.280 119.631 375.000 1.526 1.634 3.915 -6.091 1.477 7.996 1.534 0.865
Car 0 0 2.030 82.308 193.383 349.873 360.920 1.526 1.634 3.915 -3.584 0.950 6.573 1.531 0.853
Car 0 0 -1.897 762.331 161.534 938.334 271.747 1.526 1.634 3.915 3.334 0.606 9.991 -1.575 0.590
Car 0 0 -1.766 735.177 174.421 781.850 232.809 1.526 1.634 3.915 3.893 0.804 18.860 -1.563 0.588
Car 0 0 1.703 515.990 174.543 560.394 204.475 1.526 1.634 3.915 -3.639 0.849 36.789 1.604 0.562
Car 0 0 1.762 586.605 169.840 614.295 184.862 1.526 1.634 3.915 -0.925 0.457 73.304 1.748 0.559
Car 0 0 -1.736 686.234 169.219 727.072 206.152 1.526 1.634 3.915 4.012 0.613 29.816 -1.603 0.556
Car 0 0 1.725 625.319 170.325 658.647 183.041 1.526 1.634 3.915 3.892 0.460 86.600 1.769 0.462
Truck 0 0 -1.891 762.405 162.181 938.371 272.741 3.075 2.618 11.229 6.699 1.241 20.070 -1.569 0.390
Car 0 0 -1.333 553.882 173.192 580.415 196.155 1.526 1.634 3.915 -2.819 0.786 47.957 -1.392 0.379
Car 0 0 -1.792 726.225 171.170 765.391 214.602 1.526 1.634 3.915 4.788 0.704 25.355 -1.606 0.321
Car 0 0 1.871 705.981 170.573 733.930 211.878 1.526 1.634 3.915 4.079 0.679 26.661 2.022 0.268
