Pedestrian 0 0 0.763 710.575 167.445 773.144 307.998 1.760 0.660 0.932 1.753 0.684 8.857 0.958 0.816
Pedestrian 0 0 1.133 290.362 155.675 313.885 218.066 1.760 0.660 0.932 -8.459 0.106 19.952 0.732 0.774
Pedestrian 0 0 2.450 897.943 152.426 965.984 293.008 1.760 0.660 0.932 4.134 0.496 8.855 2.885 0.673
Pedestrian 0 0 1.773 131.185 155.099 166.485 241.985 1.760 0.660 0.932 -9.180 0.313 14.327 1.203 0.653
Pedestrian 0 0 0.921 22.056 161.684 61.207 246.241 1.760 0.660 0.932 -11.665 0.434 14.722 0.250 0.592
Pedestrian 0 0 2.028 69.823 151.127 102.368 247.082 1.760 0.660 0.932 -9.463 0.293 12.973 1.398 0.559
Car 0 0 2.373 957.242 185.038 1065.232 222.562 1.526 1.634 3.915 16.649 0.841 28.758 2.898 0.543
Pedestrian 0 0 -1.738 315.791 160.234 335.643 200.782 1.760 0.660 0.932 -11.991 -0.113 30.700 -2.111 0.520
Car 0 0 -1.706 1058.034 186.776 1154.811 220.745 1.526 1.634 3.915 22.668 0.928 31.769 -1.087 0.471
Car 0 0 1.815 1012.510 187.066 1065.354 219.877 1.526 1.634 3.915 20.329 0.947 32.890 2.368 0.431
Pedestrian 0 0 2.023 94.276 156.459 118.654 236.624 1.760 0.660 0.932 -10.880 0.295 15.528 1.412 0.408
Car 0 0 -1.103 1097.859 187.555 1209.411 223.297 1.526 1.634 3.915 23.559 0.953 30.192 -0.441 0.339
Pedestrian 0 0 -1.855 0.095 158.984 23.416 230.524 1.760 0.660 0.932 -14.522 0.287 17.401 -2.551 0.253
