Car 0 0 1.988 139.123 192.967 462.703 374.797 1.526 1.634 3.915 -2.591 0.932 6.056 1.583 0.868
Car 0 0 -1.899 859.995 194.837 1174.594 371.411 1.526 1.634 3.915 3.524 0.953 6.236 -1.385 0.850
Car 0 0 2.596 765.551 159.640 896.150 210.414 1.526 1.634 3.915 6.652 0.366 21.688 2.892 0.795
Car 0 0 1.919 1150.768 168.586 1240.371 226.976 1.526 1.634 3.915 15.317 0.652 18.860 2.600 0.732
Car 0 0 2.140 0.320 271.925 234.606 374.335 1.526 1.634 3.915 -7.334 2.240 10.753 1.541 0.726
Car 0 0 -1.110 843.500 179.249 965.760 290.441 1.526 1.634 3.915 4.050 0.851 9.904 -0.723 0.697
Car 0 0 2.315 1043.652 158.983 1137.681 202.380 1.526 1.634 3.915 16.920 0.275 25.376 2.903 0.642
Car 0 0 1.852 444.818 174.463 554.939 251.379 1.526 1.634 3.915 -2.176 0.795 14.317 1.700 0.610
Car 0 0 -0.301 722.687 158.630 780.306 185.045 1.526 1.634 3.915 8.201 -0.059 41.688 -0.107 0.565
Car 0 0 -1.573 1121.569 152.300 1162.265 183.063 1.526 1.634 3.915 26.411 -0.257 35.796 -0.938 0.330
Car 0 0 -1.544 1213.682 174.076 1241.538 223.998 1.526 1.634 3.915 18.895 0.800 22.059 -0.837 0.261
