Pedestrian 0 0 2.176 428.203 159.139 474.645 276.867 1.760 0.660 0.932 -2.365 0.675 10.790 1.960 0.720
Pedestrian 0 0 0.222 591.641 158.932 654.131 276.756 1.760 0.660 0.932 0.199 0.672 10.781 0.239 0.684
Pedestrian 0 0 1.911 514.547 167.267 552.779 267.287 1.760 0.660 0.932 -1.336 0.782 12.700 1.805 0.674
Pedestrian 0 0 -0.824 641.353 164.219 688.298 272.078 1.760 0.660 0.932 0.902 0.739 11.777 -0.748 0.660
Pedestrian 0 0 1.757 367.892 159.652 405.541 257.757 1.760 0.660 0.932 -3.999 0.643 12.948 1.457 0.602
Car 0 0 -1.687 1059.159 186.241 1153.852 222.389 1.526 1.634 3.915 20.981 1.328 30.463 -1.085 0.586
Pedestrian 0 0 1.358 285.923 154.640 307.461 208.996 1.760 0.660 0.932 -10.133 0.290 23.369 0.948 0.566
Car 0 0 1.906 1019.421 189.424 1065.015 219.049 1.526 1.634 3.915 22.289 1.617 37.171 2.446 0.455
Pedestrian 0 0 1.975 254.381 154.089 273.979 200.015 1.760 0.660 0.932 -13.239 0.161 27.659 1.528 0.444
Pedestrian 0 0 1.285 401.057 162.071 431.337 245.386 1.760 0.660 0.932 -4.086 0.652 15.246 1.023 0.332
Pedestrian 0 0 0.843 472.325 167.372 511.565 268.206 1.760 0.660 0.932 -2.053 0.785 12.598 0.680 0.318
Car 0 0 0.689 959.919 184.418 1063.805 221.318 1.526 1.634 3.915 16.639 1.241 29.843 1.197 0.260
