Pedestrian 0 0 -2.227 1031.063 143.702 1144.625 370.000 1.760 0.660 0.932 3.721 0.653 5.613 -1.642 0.765
Pedestrian 0 0 0.763 816.917 150.928 881.013 289.007 1.760 0.660 0.932 3.052 0.601 9.200 1.082 0.696
Pedestrian 0 0 1.494 514.992 151.112 538.675 214.598 1.760 0.660 0.932 -2.294 0.277 20.009 1.378 0.600
Pedestrian 0 0 2.084 854.704 156.918 897.318 290.424 1.760 0.660 0.932 3.514 0.670 9.515 2.437 0.576
Pedestrian 0 0 1.614 489.958 147.335 514.514 215.050 1.760 0.660 0.932 -2.790 0.217 18.759 1.466 0.551
Pedestrian 0 0 -1.281 650.127 140.901 672.209 201.725 1.760 0.660 0.932 1.494 -0.045 20.884 -1.210 0.506
Cyclist 0 0 1.288 256.141 199.790 327.079 303.441 1.739 0.571 1.833 -5.336 1.322 12.109 0.872 0.445
Cyclist 0 0 2.355 352.950 180.250 481.027 276.794 1.739 0.571 1.833 -3.470 1.003 13.000 2.093 0.441
Pedestrian 0 0 -1.958 443.286 144.525 468.433 200.054 1.760 0.660 0.932 -4.873 -0.018 22.876 -2.169 0.366
Pedestrian 0 0 0.663 284.559 141.159 318.850 190.986 1.760 0.660 0.932 -10.877 -0.240 25.493 0.259 0.320
Cyclist 0 0 -0.172 294.151 206.107 409.302 296.626 1.739 0.571 1.833 -4.955 1.509 13.865 -0.516 0.318
Pedestrian 0 0 1.106 408.110 141.692 434.215 198.140 1.760 0.660 0.932 -5.876 -0.092 22.503 0.851 0.298
Pedestrian 0 0 -1.716 253.778 137.168 283.741 209.151 1.760 0.660 0.932 -8.335 0.007 17.647 -2.158 0.259
