Car 0 0 1.077 206.265 180.788 364.876 278.869 1.526 1.634 3.915 -5.041 0.887 11.227 0.655 0.890
Car 0 0 -1.842 706.034 189.775 814.477 265.931 1.526 1.634 3.915 3.020 1.102 14.460 -1.637 0.856
Car 0 0 1.042 307.126 178.319 422.104 253.303 1.526 1.634 3.915 -4.985 0.874 14.686 0.714 0.765
Car 0 0 1.668 587.814 177.881 643.391 223.158 1.526 1.634 3.915 0.204 0.933 24.322 1.675 0.747
Car 0 0 1.672 510.353 183.979 570.823 230.476 1.526 1.634 3.915 -2.264 1.128 23.683 1.576 0.723
Car 0 0 -1.709 643.353 174.640 676.095 203.318 1.526 1.634 3.915 2.670 0.858 38.399 -1.640 0.664
Car 0 0 -1.821 400.167 176.729 471.567 224.110 1.526 1.634 3.915 -5.595 0.888 23.241 -2.059 0.598
Car 0 0 1.218 473.278 177.850 524.225 208.541 1.526 1.634 3.915 -5.510 1.012 35.880 1.065 0.507
Car 0 0 2.196 0.076 198.552 12.987 244.146 1.526 1.634 3.915 -20.186 1.623 24.153 1.499 0.264
Car 0 0 1.529 541.910 172.987 571.837 194.107 1.526 1.634 3.915 -3.807 0.773 52.139 1.455 0.255
