Car 0 0 2.072 0.312 182.455 220.889 370.845 1.526 1.634 3.915 -3.998 0.779 5.728 1.462 0.854
Car 0 0 -2.218 279.655 182.354 456.470 261.266 1.510 1.627 3.313 -4.517 0.790 13.530 -2.540 0.797
Car 0 0 -1.623 584.690 180.751 640.044 226.585 1.526 1.634 3.915 0.276 0.771 23.543 -1.612 0.755
Pedestrian 0 0 1.173 770.650 166.683 799.805 254.654 1.760 0.660 0.932 3.625 0.604 14.150 1.424 0.691
Car 0 0 1.735 177.264 170.988 230.094 218.984 1.526 1.634 3.915 -12.732 0.460 22.483 1.219 0.612
Car 0 0 1.640 637.986 169.093 669.367 199.094 1.526 1.634 3.915 2.523 0.182 35.968 1.709 0.581
Car 0 0 1.738 418.569 184.118 478.414 249.010 1.526 1.634 3.915 -3.659 0.848 16.629 1.521 0.568
Car 0 0 1.991 101.908 185.146 208.937 246.382 1.526 1.634 3.915 -11.182 0.879 17.622 1.425 0.494
Car 0 0 -1.071 997.768 176.717 1210.122 274.060 1.526 1.634 3.915 7.837 0.704 11.085 -0.456 0.478
Car 0 0 1.689 542.565 173.885 570.698 207.564 1.502 1.623 3.019 -2.117 0.456 31.538 1.621 0.471
Car 0 0 -1.964 450.253 153.335 548.734 216.738 1.526 1.634 3.915 -2.518 0.109 17.019 -2.112 0.358
Car 0 0 1.954 967.310 185.893 1005.316 201.797 1.526 1.634 3.915 36.682 1.280 67.854 2.449 0.306
Car 0 0 1.419 505.924 158.388 548.080 217.598 1.496 1.620 2.773 -1.947 0.189 17.861 1.311 0.262
