Car 0 0 2.087 0.000 197.568 375.250 375.000 1.526 1.634 3.915 -3.629 0.976 6.206 1.557 0.916
Car 0 0 1.834 1071.129 159.655 1240.527 256.907 1.526 1.634 3.915 8.573 0.556 11.323 2.481 0.915
Car 0 0 1.843 418.067 178.918 519.055 246.087 1.526 1.634 3.915 -3.204 0.901 16.395 1.649 0.824
Car 0 0 -1.926 915.531 164.737 1062.290 234.615 1.526 1.634 3.915 8.285 0.586 15.759 -1.443 0.624
Car 0 0 -1.795 725.212 183.013 848.395 268.334 1.526 1.634 3.915 3.170 0.945 12.907 -1.556 0.595
Car 0 0 -1.724 698.504 185.776 738.296 237.544 1.526 1.634 3.915 3.209 1.144 21.272 -1.575 0.535
Car 0 0 1.891 477.497 163.042 551.991 221.965 1.526 1.634 3.915 -2.456 0.509 18.689 1.760 0.520
Car 0 0 1.834 818.202 168.632 879.237 208.779 1.526 1.634 3.915 9.092 0.603 27.429 2.153 0.429
Car 0 0 2.035 871.563 166.331 943.882 217.635 1.519 1.631 3.652 8.829 0.566 21.366 2.426 0.348
Car 0 0 1.866 670.112 185.127 705.450 203.527 1.526 1.634 3.915 6.488 1.781 59.847 1.972 0.338
