Car 0 0 -0.981 320.736 171.909 565.249 307.703 1.526 1.634 3.915 -1.872 0.752 8.109 -1.209 0.910
Car 0 0 2.290 79.705 191.991 230.006 255.874 1.526 1.634 3.915 -10.863 1.220 17.238 1.726 0.825
Car 0 0 -1.627 680.637 171.632 709.354 192.623 1.526 1.634 3.915 6.212 0.674 52.461 -1.511 0.529
Car 0 0 -1.655 732.732 169.370 756.179 187.959 1.526 1.634 3.915 11.075 0.477 59.238 -1.471 0.529
Car 0 0 1.512 1102.843 157.240 1141.880 178.899 1.526 1.634 3.915 36.133 -0.337 50.841 2.129 0.444
Car 0 0 2.106 1037.214 157.966 1086.839 178.164 1.526 1.634 3.915 34.188 -0.362 54.519 2.666 0.437
Car 0 0 -1.672 1203.689 153.917 1241.042 174.198 1.526 1.634 3.915 46.115 -0.662 54.297 -0.968 0.359
Car 0 0 1.951 891.854 155.816 916.885 172.398 1.526 1.634 3.915 27.135 -0.805 66.411 2.339 0.328
Car 0 0 1.621 1136.326 155.192 1175.035 176.711 1.526 1.634 3.915 38.733 -0.490 51.175 2.268 0.310
Car 0 0 1.626 1169.186 154.392 1205.204 175.759 1.526 1.634 3.915 41.259 -0.556 51.537 2.301 0.257
