Pedestrian 0 0 1.708 38.104 148.002 72.769 244.963 1.760 0.660 0.932 -10.061 0.429 13.101 1.053 0.748
Pedestrian 0 0 0.635 869.779 149.647 946.246 333.867 1.760 0.660 0.932 2.852 0.658 6.895 1.027 0.724
Pedestrian 0 0 0.507 737.180 151.227 795.307 302.936 1.760 0.660 0.932 1.818 0.629 8.373 0.720 0.715
Pedestrian 0 0 1.094 656.754 155.603 700.949 255.940 1.760 0.660 0.932 1.216 0.578 12.660 1.188 0.657
Pedestrian 0 0 -0.258 599.192 167.264 644.181 259.982 1.760 0.660 0.932 0.230 0.774 13.700 -0.242 0.642
Car 0 0 -1.689 1059.115 186.451 1153.164 221.852 1.526 1.634 3.915 21.409 1.349 31.107 -1.087 0.606
Pedestrian 0 0 -0.950 790.668 153.783 848.921 294.014 1.760 0.660 0.932 2.639 0.641 9.058 -0.668 0.572
Pedestrian 0 0 1.605 225.505 155.775 243.863 210.440 1.760 0.660 0.932 -12.073 0.330 23.237 1.125 0.566
Cyclist 0 0 0.095 587.570 204.524 645.716 272.436 1.739 0.571 1.833 0.181 1.681 18.481 0.103 0.514
Car 0 0 -1.573 1019.637 188.354 1064.953 219.533 1.526 1.634 3.915 21.182 1.522 35.318 -1.034 0.430
Cyclist 0 0 1.019 651.472 203.644 702.391 260.492 1.739 0.571 1.833 2.061 1.812 22.078 1.111 0.405
Car 0 0 0.678 960.978 185.682 1063.564 221.155 1.526 1.634 3.915 17.326 1.315 31.043 1.186 0.392
Car 0 0 -1.761 1146.068 189.235 1195.205 223.371 1.526 1.634 3.915 25.085 1.495 32.259 -1.100 0.270
