Car 0 0 -1.893 739.097 177.302 982.834 324.214 1.526 1.634 3.915 2.669 0.730 7.345 -1.546 0.863
Car 0 0 -2.638 235.241 170.253 429.606 256.958 1.526 1.634 3.915 -4.782 0.583 12.445 -3.005 0.641
Truck 0 0 -1.091 685.018 106.924 832.476 240.473 3.055 2.609 10.456 3.538 -0.156 16.172 -0.877 0.600
Car 0 0 1.818 544.905 174.916 577.912 195.630 1.526 1.634 3.915 -3.144 0.351 52.096 1.758 0.600
Cyclist 0 0 -1.958 1.162 269.176 104.964 374.873 1.739 0.571 1.833 -9.068 2.329 11.636 -2.620 0.516
Pedestrian 0 0 -2.377 90.413 198.617 159.199 374.929 1.760 0.660 0.932 -4.786 1.061 7.060 -2.973 0.510
Truck 0 0 -2.658 234.808 168.833 428.571 256.650 3.075 2.618 11.229 -9.539 1.129 24.761 -3.027 0.468
Pedestrian 0 0 1.972 7.186 196.979 159.199 374.943 1.760 0.660 0.932 -5.153 1.043 6.994 1.337 0.441
Car 0 0 -1.739 639.863 167.579 669.917 206.622 1.526 1.634 3.915 1.986 0.258 27.639 -1.668 0.387
Car 0 0 1.827 584.348 174.903 608.946 193.584 1.526 1.634 3.915 -0.607 0.305 57.766 1.816 0.260
