Car 0 0 1.884 263.405 193.820 484.594 344.548 1.526 1.634 3.915 -2.385 0.975 7.306 1.567 0.898
Car 0 0 -1.809 817.530 190.033 1050.139 349.515 1.526 1.634 3.915 3.103 0.927 6.905 -1.388 0.844
Car 0 0 2.137 0.506 237.117 337.528 372.127 1.526 1.634 3.915 -4.980 1.490 8.156 1.589 0.841
Car 0 0 2.405 759.578 165.756 882.343 212.168 1.526 1.634 3.915 6.952 0.530 23.727 2.689 0.785
Car 0 0 2.194 1118.488 171.031 1241.045 227.410 1.526 1.634 3.915 15.436 0.714 19.532 2.862 0.689
Car 0 0 1.758 465.128 179.407 560.216 245.703 1.526 1.634 3.915 -2.230 0.914 16.610 1.624 0.592
Car 0 0 -0.224 679.524 162.459 742.706 188.209 1.526 1.634 3.915 6.019 0.147 42.764 -0.084 0.515
Car 0 0 -1.544 1064.035 164.883 1118.455 201.971 1.526 1.634 3.915 19.822 0.435 29.692 -0.955 0.438
Car 0 0 1.794 1014.067 176.205 1067.476 203.133 1.526 1.634 3.915 24.440 0.953 40.895 2.332 0.422
Car 0 0 1.344 1106.575 155.401 1145.043 179.544 1.526 1.634 3.915 32.635 -0.340 45.612 1.964 0.411
Car 0 0 -1.378 816.322 184.015 927.472 247.011 1.526 1.634 3.915 6.356 1.033 17.480 -1.031 0.392
Car 0 0 1.561 529.310 189.058 560.961 230.765 1.526 1.634 3.915 -2.357 1.356 26.404 1.472 0.328
