Car 0 0 0.994 832.740 195.861 1120.525 343.766 1.526 1.634 3.915 3.788 1.000 7.445 1.464 0.912
Car 0 0 -1.773 752.387 191.168 858.820 264.780 1.526 1.634 3.915 4.065 1.143 14.959 -1.509 0.747
Car 0 0 1.724 548.489 167.537 601.752 203.016 1.526 1.634 3.915 -1.481 0.534 31.038 1.676 0.673
Car 0 0 2.248 1150.501 325.868 1241.608 373.963 1.526 1.634 3.915 18.611 5.619 22.896 2.930 0.500
Car 0 0 1.564 680.993 175.153 701.961 206.603 1.526 1.634 3.915 3.975 0.875 35.015 1.677 0.480
Car 0 0 -1.715 695.310 176.332 719.123 211.536 1.526 1.634 3.915 4.234 0.914 31.280 -1.581 0.462
Car 0 0 1.793 348.496 149.996 529.115 277.910 1.526 1.634 3.915 -2.037 0.490 8.609 1.559 0.437
Car 0 0 1.610 661.690 168.478 680.093 186.137 1.517 1.640 3.987 5.268 0.383 61.978 1.693 0.342
Car 0 0 1.734 519.888 171.812 548.429 239.157 1.526 1.634 3.915 -1.709 0.739 16.352 1.630 0.299
Truck 0 0 1.790 348.510 148.837 526.539 278.555 3.075 2.618 11.229 -4.079 0.968 17.106 1.555 0.270
