Car 0 0 -1.995 69.600 180.805 313.530 333.386 1.526 1.634 3.915 -4.181 0.843 7.217 -2.521 0.885
Car 0 0 -1.634 585.278 183.781 639.598 223.928 1.526 1.634 3.915 0.109 1.178 27.429 -1.631 0.818
Car 0 0 2.235 0.020 194.425 59.547 297.282 1.526 1.634 3.915 -8.603 1.083 10.706 1.558 0.727
Car 0 0 -2.025 220.150 120.147 451.140 288.909 1.526 1.634 3.915 -2.477 0.286 6.525 -2.388 0.649
Car 0 0 1.713 487.744 169.593 535.640 226.949 1.513 1.628 3.435 -2.582 0.671 19.038 1.577 0.635
Car 0 0 2.195 58.056 206.820 113.171 261.426 1.526 1.634 3.915 -14.644 1.712 20.166 1.566 0.528
Car 0 0 -1.599 439.115 183.658 496.272 229.365 1.526 1.634 3.915 -4.737 1.124 24.093 -1.794 0.512
Car 0 0 -1.683 538.378 172.467 566.438 204.769 1.526 1.634 3.915 -2.700 0.745 34.091 -1.762 0.450
Car 0 0 1.562 649.307 163.654 687.335 204.670 1.497 1.621 2.820 2.145 0.413 26.333 1.643 0.436
Car 0 0 -1.646 1191.879 174.398 1239.644 203.188 1.526 1.634 3.915 32.136 0.845 38.250 -0.948 0.427
Car 0 0 1.679 524.114 170.341 549.154 204.445 1.496 1.652 4.150 -3.198 0.638 31.644 1.578 0.354
Car 0 0 1.997 1063.392 182.738 1108.680 207.006 1.526 1.634 3.915 29.965 1.385 45.376 2.581 0.340
Car 0 0 1.982 1123.699 184.452 1179.503 201.198 1.526 1.634 3.915 49.401 1.820 65.760 2.626 0.340
Truck 0 0 -2.036 221.696 122.594 449.178 287.894 3.075 2.618 11.229 -5.100 0.603 13.424 -2.399 0.275
