Car 0 0 2.166 0.041 232.078 90.084 375.000 1.526 1.634 3.915 -6.028 1.396 7.705 1.502 0.908
Car 0 0 1.847 274.449 202.628 467.153 328.356 1.526 1.634 3.915 -2.898 1.125 8.759 1.527 0.901
Car 0 0 2.102 57.926 208.552 296.371 345.240 1.526 1.634 3.915 -4.828 1.162 8.056 1.562 0.888
Pedestrian 0 0 2.354 1077.879 194.383 1224.615 374.847 1.760 0.660 0.932 5.284 1.090 7.039 2.997 0.828
Cyclist 0 0 -3.176 909.099 246.358 1077.913 359.233 1.739 0.571 1.833 5.917 2.002 11.119 -2.687 0.810
Car 0 0 1.630 424.183 175.116 523.661 259.746 1.526 1.634 3.915 -2.446 0.804 13.012 1.443 0.691
Cyclist 0 0 2.055 1021.108 270.089 1237.047 374.324 1.739 0.571 1.833 8.669 2.492 12.041 2.679 0.635
Car 0 0 -0.090 649.318 183.058 731.467 223.457 1.526 1.634 3.915 3.054 1.149 27.259 0.022 0.555
Car 0 0 1.715 625.361 185.039 661.181 211.778 1.526 1.634 3.915 1.924 1.459 41.184 1.761 0.488
Pedestrian 0 0 2.157 968.229 196.196 1024.751 346.708 1.760 0.660 0.932 4.526 1.153 8.440 2.648 0.459
Car 0 0 1.727 518.633 188.181 550.350 234.456 1.521 1.632 3.709 -2.467 1.264 23.711 1.623 0.444
Car 0 0 -1.757 620.887 182.559 648.437 206.864 1.526 1.634 3.915 1.576 1.373 45.308 -1.723 0.362
Cyclist 0 0 -0.105 774.224 203.268 860.002 266.875 1.739 0.571 1.833 5.676 1.701 19.731 0.175 0.309
Pedestrian 0 0 -1.910 864.290 179.852 886.481 254.858 1.760 0.660 0.932 6.239 1.044 16.935 -1.558 0.279
Cyclist 0 0 2.086 714.034 200.829 787.331 261.448 1.739 0.571 1.833 4.049 1.672 20.704 2.279 0.265
