Car 0 0 -2.016 864.816 204.611 1239.729 373.602 1.526 1.634 3.915 3.998 1.050 6.516 -1.466 0.921
Car 0 0 1.939 258.793 196.862 453.446 327.710 1.526 1.634 3.915 -2.956 1.043 8.416 1.602 0.898
Car 0 0 2.110 0.725 222.702 253.621 370.738 1.526 1.634 3.915 -4.973 1.277 7.439 1.520 0.875
Car 0 0 1.706 470.402 168.390 551.972 229.070 1.518 1.631 3.621 -2.461 0.647 18.054 1.571 0.718
Car 0 0 -1.686 678.764 179.347 727.034 225.750 1.526 1.634 3.915 3.070 0.977 23.731 -1.559 0.665
Car 0 0 -1.740 772.955 176.647 894.399 288.068 1.526 1.634 3.915 3.070 0.815 9.883 -1.440 0.613
Car 0 0 1.685 547.142 175.263 585.758 201.497 1.526 1.634 3.915 -2.508 0.903 41.976 1.625 0.553
Car 0 0 1.855 713.020 181.700 765.053 249.943 1.526 1.634 3.915 2.896 0.961 16.136 2.033 0.478
Car 0 0 -2.246 743.596 178.317 796.061 272.523 1.526 1.634 3.915 2.596 0.852 11.689 -2.028 0.400
Car 0 0 -1.868 652.169 178.405 671.600 203.629 1.526 1.634 3.915 3.166 1.099 43.657 -1.797 0.296
Car 0 0 -2.161 1124.319 325.771 1241.630 374.133 1.526 1.634 3.915 18.096 5.589 22.770 -1.490 0.291
