Car 0 0 0.430 98.084 181.685 386.133 276.195 1.526 1.634 3.915 -5.934 0.906 11.652 -0.041 0.922
Car 0 0 -1.081 1191.654 240.714 1241.518 370.943 1.526 1.634 3.915 7.114 1.558 8.456 -0.382 0.776
Car 0 0 -1.756 678.326 186.661 756.502 243.630 1.526 1.634 3.915 2.889 1.133 19.330 -1.608 0.728
Car 0 0 -0.985 0.203 214.812 115.726 349.540 1.526 1.634 3.915 -6.248 1.238 8.174 -1.639 0.687
Car 0 0 1.635 552.532 171.166 584.240 200.234 1.526 1.634 3.915 -2.162 0.674 37.883 1.578 0.661
Car 0 0 -3.288 449.728 176.045 515.096 214.930 1.526 1.634 3.915 -4.990 0.888 28.320 -3.463 0.481
Car 0 0 1.513 659.141 180.515 695.725 219.996 1.526 1.634 3.915 2.624 1.059 27.892 1.606 0.447
Car 0 0 1.633 514.533 176.149 551.288 201.851 1.526 1.634 3.915 -4.551 0.959 42.846 1.526 0.442
Car 0 0 1.450 477.228 174.838 516.746 200.052 1.526 1.634 3.915 -6.814 0.883 43.675 1.294 0.336
Car 0 0 -2.654 298.779 171.453 463.550 246.510 1.516 1.630 3.548 -4.614 0.730 14.577 -2.961 0.293
Car 0 0 1.205 425.480 179.586 474.956 223.395 1.526 1.634 3.915 -5.551 0.998 25.136 0.987 0.273
Car 0 0 1.585 530.212 174.446 564.708 201.832 1.526 1.634 3.915 -3.461 0.852 40.210 1.498 0.265
