Car 0 0 -1.990 747.208 197.661 972.440 335.446 1.526 1.634 3.915 2.772 1.038 7.992 -1.657 0.857
Car 0 0 -0.999 0.195 198.196 203.055 351.175 1.526 1.634 3.915 -5.067 1.016 7.198 -1.613 0.823
Car 0 0 -2.636 61.676 200.012 283.474 294.261 1.526 1.634 3.915 -7.076 1.203 11.684 -3.181 0.818
Car 0 0 -1.771 674.473 183.018 756.348 245.528 1.526 1.634 3.915 2.584 1.011 17.617 -1.625 0.695
Car 0 0 -1.350 0.157 245.235 71.751 369.566 1.526 1.634 3.915 -7.041 1.652 8.857 -2.022 0.630
Car 0 0 0.261 366.043 185.467 488.823 231.690 1.526 1.634 3.915 -6.013 1.180 23.823 0.013 0.597
Car 0 0 -1.120 244.262 180.804 385.589 251.529 1.526 1.634 3.915 -6.358 0.935 15.570 -1.509 0.562
Car 0 0 -1.674 631.977 171.247 666.653 202.676 1.526 1.634 3.915 1.931 0.685 35.037 -1.620 0.502
Car 0 0 -2.469 186.957 185.548 370.092 279.706 1.526 1.634 3.915 -5.366 0.969 11.695 -2.900 0.490
Car 0 0 -2.887 411.869 172.354 490.289 212.334 1.526 1.634 3.915 -6.050 0.744 27.544 -3.103 0.447
Car 0 0 1.908 493.602 172.091 558.656 200.748 1.526 1.634 3.915 -4.443 0.722 38.427 1.793 0.343
Car 0 0 -1.318 365.481 189.222 425.056 241.633 1.526 1.634 3.915 -6.240 1.240 21.011 -1.607 0.323
Car 0 0 1.682 655.627 181.757 694.987 214.949 1.526 1.634 3.915 3.023 1.172 33.176 1.772 0.279
