Car 0 0 -2.230 940.514 218.042 1241.491 371.176 1.526 1.634 3.915 4.798 1.213 7.191 -1.642 0.919
Car 0 0 -1.935 226.648 188.300 397.831 280.697 1.526 1.634 3.915 -4.911 1.018 11.918 -2.326 0.888
Car 0 0 -1.648 571.123 181.270 631.025 229.131 1.526 1.634 3.915 -0.271 1.031 23.008 -1.660 0.854
Car 0 0 -2.222 372.917 179.228 483.784 241.794 1.526 1.634 3.915 -4.420 0.919 17.601 -2.468 0.841
Car 0 0 -1.765 691.877 187.455 766.704 238.024 1.526 1.634 3.915 3.614 1.204 21.776 -1.601 0.790
Car 0 0 1.909 193.333 185.387 283.041 244.687 1.526 1.634 3.915 -9.558 1.086 18.570 1.433 0.676
Car 0 0 1.848 81.889 184.648 149.492 229.958 1.526 1.634 3.915 -16.635 1.160 24.303 1.247 0.665
Car 0 0 -1.077 0.085 255.511 47.579 373.801 1.526 1.634 3.915 -7.557 1.830 9.309 -1.760 0.665
Car 0 0 -1.800 44.277 178.292 99.082 220.036 1.526 1.634 3.915 -19.665 0.962 26.380 -2.441 0.564
Car 0 0 -1.516 461.955 170.467 518.750 207.745 1.526 1.634 3.915 -4.880 0.665 29.540 -1.681 0.490
Car 0 0 1.587 525.832 174.712 551.274 204.392 1.526 1.634 3.915 -3.651 0.859 37.102 1.488 0.325
