Car 0 0 -2.557 8.650 187.569 284.422 309.938 1.526 1.634 3.915 -5.775 0.947 8.999 -3.128 0.831
Car 0 0 -1.805 693.543 176.188 812.550 269.642 1.526 1.634 3.915 2.343 0.818 11.783 -1.609 0.767
Car 0 0 0.312 305.345 166.226 442.228 239.233 1.526 1.634 3.915 -4.929 0.625 15.083 -0.005 0.704
Cyclist 0 0 2.273 0.068 247.915 124.537 372.749 1.739 0.571 1.833 -7.625 1.916 10.054 1.624 0.615
Car 0 0 -1.733 629.756 177.542 664.507 207.211 1.526 1.634 3.915 1.933 1.004 37.116 -1.681 0.562
Car 0 0 2.250 415.361 176.194 474.907 230.908 1.526 1.634 3.915 -4.586 0.856 20.127 2.026 0.540
Car 0 0 0.472 254.626 189.993 376.757 275.776 1.526 1.634 3.915 -5.228 1.068 12.837 0.084 0.538
Car 0 0 -1.794 654.972 181.993 701.970 231.710 1.526 1.634 3.915 2.115 1.044 22.150 -1.699 0.451
Car 0 0 1.665 455.263 177.640 494.385 215.060 1.526 1.634 3.915 -5.495 0.958 29.428 1.479 0.418
Car 0 0 -1.788 682.221 179.406 730.732 253.455 1.526 1.634 3.915 1.998 0.898 14.871 -1.655 0.363
Car 0 0 0.961 485.361 179.026 520.495 209.193 1.526 1.634 3.915 -5.394 1.075 36.503 0.813 0.346
Car 0 0 1.721 523.902 175.022 545.983 200.326 1.526 1.634 3.915 -4.500 0.894 43.517 1.617 0.291
