Car 0 0 2.123 0.000 215.751 227.760 373.120 1.526 1.634 3.915 -4.807 1.179 6.998 1.521 0.917
Car 0 0 1.880 172.955 204.853 449.520 370.008 1.526 1.634 3.915 -2.757 1.059 6.668 1.487 0.916
Cyclist 0 0 2.111 1129.184 281.804 1241.431 374.234 1.739 0.571 1.833 10.835 2.920 13.579 2.784 0.814
Car 0 0 1.730 412.278 174.733 524.672 273.444 1.526 1.634 3.915 -2.181 0.792 11.156 1.537 0.728
Pedestrian 0 0 2.220 1156.714 203.216 1241.552 373.142 1.760 0.660 0.932 6.108 1.195 7.475 2.905 0.669
Car 0 0 1.766 519.028 189.834 553.109 243.096 1.526 1.634 3.915 -2.106 1.250 20.675 1.665 0.643
Car 0 0 -0.159 668.453 185.581 739.190 223.132 1.526 1.634 3.915 3.831 1.280 29.326 -0.030 0.619
Car 0 0 1.785 636.765 183.977 675.386 211.599 1.526 1.634 3.915 2.570 1.378 39.866 1.849 0.560
Car 0 0 1.612 542.481 189.300 569.563 221.808 1.526 1.634 3.915 -2.513 1.535 33.875 1.537 0.420
Car 0 0 1.698 547.347 181.726 585.951 215.595 1.614 1.625 4.526 -2.045 1.230 34.391 1.638 0.326
Cyclist 0 0 -1.799 853.888 214.762 927.465 286.329 1.739 0.571 1.833 6.833 1.888 17.537 -1.428 0.312
Car 0 0 1.704 618.844 175.295 643.623 204.342 1.526 1.634 3.915 1.139 0.891 37.911 1.734 0.306
Cyclist 0 0 -2.967 787.457 213.895 889.131 282.544 1.739 0.571 1.833 5.796 1.910 18.282 -2.660 0.271
