Truck 0 0 -1.954 786.765 56.531 1241.177 371.028 3.075 2.618 11.229 3.955 0.400 7.056 -1.444 0.903
Car 0 0 -2.152 171.720 183.612 409.066 288.911 1.526 1.634 3.915 -4.626 0.919 10.458 -2.569 0.881
Car 0 0 -1.454 363.181 179.557 440.818 253.558 1.526 1.634 3.915 -4.281 0.901 14.881 -1.735 0.812
Car 0 0 -1.596 574.978 174.189 632.049 222.374 1.526 1.634 3.915 -0.191 0.805 22.854 -1.606 0.806
Car 0 0 1.953 736.499 185.582 797.898 263.868 1.526 1.634 3.915 3.073 1.011 14.066 2.168 0.715
Car 0 0 -1.932 415.595 175.927 491.513 224.737 1.526 1.634 3.915 -4.878 0.859 22.561 -2.146 0.653
Car 0 0 -1.782 666.992 179.128 713.803 210.839 1.526 1.634 3.915 3.891 1.065 34.726 -1.671 0.630
Car 0 0 1.882 523.006 169.147 554.469 194.358 1.526 1.634 3.915 -4.287 0.539 43.680 1.783 0.563
Truck 0 0 -1.057 0.159 127.099 184.702 278.762 3.075 2.618 11.229 -10.486 0.610 14.631 -1.680 0.489
Car 0 0 -1.832 485.792 180.341 525.840 209.864 1.482 1.660 4.255 -5.209 1.117 36.225 -1.976 0.418
Car 0 0 1.588 459.569 174.036 491.450 195.526 1.526 1.634 3.915 -9.520 0.847 51.245 1.404 0.298
Car 0 0 -1.029 0.308 128.656 183.498 278.700 1.526 1.634 3.915 -5.265 0.314 7.339 -1.653 0.268
