Car 0 0 1.955 186.084 206.727 424.063 344.319 1.526 1.634 3.915 -3.377 1.139 8.003 1.555 0.916
Car 0 0 -2.169 940.390 217.480 1241.314 371.746 1.526 1.634 3.915 4.762 1.205 7.138 -1.582 0.913
Car 0 0 -1.891 754.765 184.432 1012.452 353.812 1.526 1.634 3.915 2.469 0.867 6.501 -1.528 0.907
Car 0 0 -1.779 692.587 184.610 795.555 266.237 1.526 1.634 3.915 2.515 0.983 13.491 -1.595 0.799
Car 0 0 1.926 404.178 200.010 482.020 274.757 1.526 1.634 3.915 -3.399 1.318 14.732 1.699 0.739
Car 0 0 1.455 450.854 188.879 524.915 232.562 1.526 1.634 3.915 -4.251 1.323 25.209 1.287 0.457
Car 0 0 -1.671 669.332 181.438 708.003 229.741 1.526 1.634 3.915 2.500 1.034 22.798 -1.563 0.451
Car 0 0 1.764 595.779 179.986 628.358 198.964 1.526 1.634 3.915 0.202 1.337 58.025 1.767 0.384
Car 0 0 -1.717 634.807 180.206 663.092 204.874 1.526 1.634 3.915 2.437 1.218 44.641 -1.664 0.314
Car 0 0 -1.990 451.167 197.102 492.629 257.355 1.526 1.634 3.915 -3.487 1.377 18.276 -2.180 0.266
