Car 0 0 -1.044 474.301 176.124 533.467 204.391 1.526 1.634 3.915 -5.706 0.940 38.957 -1.191 0.727
Car 0 0 2.227 598.047 174.258 667.361 197.427 1.526 1.634 3.915 1.525 0.856 47.528 2.258 0.559
Car 0 0 1.818 920.302 176.551 943.329 193.098 1.526 1.634 3.915 29.723 1.104 66.550 2.238 0.348
Car 0 0 1.347 340.073 181.824 368.979 208.818 1.526 1.634 3.915 -14.419 1.270 40.794 1.007 0.342
Car 0 0 1.731 756.680 176.589 785.016 192.664 1.526 1.634 3.915 15.313 1.118 68.504 1.950 0.338
Car 0 0 1.948 1115.900 175.643 1140.280 187.389 1.526 1.634 3.915 67.378 1.126 93.757 2.571 0.334
Car 0 0 -1.854 801.242 178.596 842.165 205.841 1.526 1.634 3.915 11.884 1.085 40.418 -1.569 0.317
Car 0 0 -1.643 268.702 175.051 334.833 210.574 1.503 1.624 3.057 -13.025 0.845 30.535 -2.048 0.316
Car 0 0 -1.941 1145.939 173.405 1178.809 185.127 1.526 1.634 3.915 71.978 0.835 93.946 -1.287 0.283
Car 0 0 -1.930 412.646 175.828 529.215 216.386 1.526 1.634 3.915 -5.217 0.875 27.151 -2.121 0.277
Car 0 0 1.700 719.305 176.797 744.594 190.133 1.526 1.634 3.915 14.006 1.214 82.573 1.867 0.274
Car 0 0 1.472 884.203 166.045 909.535 190.768 1.526 1.634 3.915 17.736 0.343 44.541 1.850 0.260
