Car 0 0 -0.865 219.780 170.925 529.433 330.822 1.526 1.634 3.915 -2.243 0.745 6.887 -1.180 0.894
Car 0 0 2.162 112.198 189.916 247.791 250.131 1.526 1.634 3.915 -10.888 1.196 18.288 1.624 0.849
Car 0 0 -1.544 679.855 171.347 710.039 193.316 1.526 1.634 3.915 5.932 0.658 50.125 -1.427 0.671
Car 0 0 -1.821 724.039 169.520 757.419 187.788 1.526 1.634 3.915 10.959 0.485 60.281 -1.642 0.595
Car 0 0 1.492 1102.651 156.917 1140.998 178.979 1.526 1.634 3.915 35.437 -0.339 49.913 2.108 0.451
Car 0 0 2.145 1036.905 157.999 1086.930 178.259 1.526 1.634 3.915 34.076 -0.356 54.354 2.705 0.430
Car 0 0 -1.657 514.145 174.786 545.349 197.479 1.526 1.634 3.915 -5.368 0.893 48.527 -1.768 0.366
Car 0 0 1.503 1204.101 154.064 1240.995 174.286 1.526 1.634 3.915 46.262 -0.655 54.455 2.206 0.320
Car 0 0 -0.064 891.729 155.430 916.700 172.423 1.526 1.634 3.915 26.465 -0.802 64.806 0.324 0.315
Car 0 0 1.584 1136.064 154.670 1175.715 176.827 1.526 1.634 3.915 37.632 -0.489 49.701 2.232 0.294
