Car 0 0 -2.378 896.988 202.648 1241.255 373.113 1.526 1.634 3.915 4.115 1.030 6.460 -1.811 0.941
Car 0 0 2.181 0.454 218.040 189.782 375.000 1.526 1.634 3.915 -5.002 1.202 7.016 1.561 0.917
Car 0 0 -1.934 768.147 189.320 954.629 296.340 1.526 1.634 3.915 3.591 0.998 10.290 -1.598 0.899
Car 0 0 2.026 159.958 195.686 383.162 315.080 1.526 1.634 3.915 -4.321 1.055 9.223 1.587 0.891
Car 0 0 1.931 356.623 191.273 453.481 259.401 1.526 1.634 3.915 -4.581 1.176 16.164 1.655 0.659
Car 0 0 1.716 485.379 181.532 532.859 214.721 1.526 1.634 3.915 -4.619 1.162 33.179 1.578 0.651
Car 0 0 -1.782 726.009 181.108 806.821 254.718 1.526 1.634 3.915 3.252 0.934 14.960 -1.568 0.603
Car 0 0 1.293 603.407 175.213 648.724 193.705 1.526 1.634 3.915 1.362 0.958 59.549 1.316 0.523
Car 0 0 -1.803 711.004 181.276 766.208 237.408 1.526 1.634 3.915 3.509 0.992 19.618 -1.626 0.519
Car 0 0 2.032 1152.530 180.745 1241.541 215.588 1.526 1.634 3.915 25.733 1.109 31.605 2.715 0.393
Car 0 0 1.499 662.953 177.563 688.152 194.179 1.526 1.634 3.915 6.061 1.196 66.274 1.590 0.335
Car 0 0 -1.809 692.344 180.640 726.333 218.994 1.526 1.634 3.915 3.970 1.073 28.711 -1.672 0.274
