Car 0 0 -2.178 910.840 198.163 1241.109 370.051 1.526 1.634 3.915 4.141 0.988 6.406 -1.605 0.909
Car 0 0 2.122 0.000 214.606 229.455 373.683 1.526 1.634 3.915 -4.747 1.164 6.922 1.520 0.902
Car 0 0 1.861 263.119 168.597 444.249 297.273 1.526 1.634 3.915 -3.035 0.713 8.558 1.519 0.845
Car 0 0 -1.834 773.587 186.323 923.618 284.759 1.526 1.634 3.915 3.706 0.972 11.187 -1.514 0.843
Car 0 0 1.881 459.383 177.764 559.059 245.018 1.526 1.634 3.915 -2.277 0.875 16.374 1.742 0.779
Car 0 0 1.916 636.039 174.335 701.381 213.712 1.526 1.634 3.915 2.293 0.820 27.965 1.997 0.520
Car 0 0 1.888 731.438 163.481 784.776 188.488 1.526 1.634 3.915 9.066 0.191 44.036 2.091 0.499
Car 0 0 -1.701 755.371 177.130 820.831 248.507 1.526 1.634 3.915 3.818 0.855 15.428 -1.459 0.472
Car 0 0 1.840 975.487 156.780 1019.285 194.170 1.526 1.634 3.915 15.830 0.107 29.451 2.333 0.350
Car 0 0 -1.669 705.374 170.257 733.381 193.120 1.526 1.634 3.915 7.331 0.590 48.166 -1.518 0.344
Car 0 0 -2.094 908.510 155.912 982.309 202.054 1.526 1.634 3.915 11.109 0.203 23.866 -1.659 0.344
Car 0 0 1.954 902.802 156.025 951.051 187.185 1.526 1.634 3.915 15.544 -0.061 35.339 2.367 0.283
Car 0 0 1.607 679.473 172.740 706.861 198.458 1.526 1.634 3.915 4.961 0.756 42.817 1.722 0.260
