Car 0 0 -1.955 796.844 185.292 1117.891 372.220 1.526 1.634 3.915 2.840 0.865 5.891 -1.506 0.823
Car 0 0 -2.707 71.902 190.338 323.911 289.981 1.526 1.634 3.915 -6.305 1.031 11.051 -3.227 0.764
Car 0 0 -1.814 685.314 185.425 761.249 241.982 1.526 1.634 3.915 3.069 1.102 19.471 -1.658 0.712
Car 0 0 2.155 0.134 232.393 98.861 364.118 1.526 1.634 3.915 -6.489 1.453 8.360 1.495 0.704
Car 0 0 0.068 1038.151 276.536 1241.214 373.794 1.526 1.634 3.915 8.319 2.390 11.323 0.701 0.673
Car 0 0 1.840 294.182 187.362 409.957 261.421 1.526 1.634 3.915 -5.306 1.062 14.869 1.497 0.600
Car 0 0 0.366 388.979 184.088 468.129 243.051 1.526 1.634 3.915 -4.685 1.054 18.676 0.120 0.585
Car 0 0 2.092 429.030 181.564 486.302 230.367 1.526 1.634 3.915 -4.750 1.035 22.564 1.884 0.489
Car 0 0 1.684 536.347 171.547 570.184 196.208 1.526 1.634 3.915 -3.484 0.682 44.654 1.606 0.450
Car 0 0 0.944 754.668 184.210 860.629 236.742 1.526 1.634 3.915 5.755 1.093 20.963 1.211 0.410
Car 0 0 -1.711 476.907 182.757 530.459 221.963 1.526 1.634 3.915 -4.121 1.149 28.087 -1.858 0.404
Car 0 0 -1.623 510.766 177.615 548.963 202.451 1.526 1.634 3.915 -4.897 1.056 44.339 -1.734 0.329
Car 0 0 1.686 735.774 175.222 776.587 205.176 1.526 1.634 3.915 7.471 0.884 36.763 1.887 0.326
Truck 0 0 -1.675 626.893 165.403 675.448 205.397 3.075 2.618 11.229 3.200 0.965 55.482 -1.618 0.326
