Car 0 0 -1.989 779.298 133.024 1241.829 371.276 1.526 1.634 3.915 2.569 0.508 4.622 -1.482 0.910
Car 0 0 2.088 0.335 227.336 133.654 374.078 1.526 1.634 3.915 -5.643 1.330 7.504 1.442 0.898
Car 0 0 -1.923 591.020 194.772 743.334 280.403 1.526 1.634 3.915 1.027 1.154 12.860 -1.844 0.896
Car 0 0 1.870 62.591 208.525 219.812 311.768 1.526 1.634 3.915 -6.923 1.290 10.666 1.294 0.808
Car 0 0 2.091 675.618 168.613 774.525 214.149 1.526 1.634 3.915 3.872 0.621 24.183 2.249 0.690
Car 0 0 1.693 309.772 191.710 349.379 217.297 1.526 1.634 3.915 -16.701 1.888 43.039 1.322 0.565
Car 0 0 -1.764 483.648 189.431 547.116 224.547 1.526 1.634 3.915 -4.093 1.484 31.359 -1.894 0.553
Car 0 0 1.695 350.787 183.742 375.660 207.290 1.526 1.634 3.915 -15.965 1.469 46.763 1.365 0.388
Car 0 0 -1.666 462.859 180.333 487.768 205.025 1.526 1.634 3.915 -8.298 1.225 44.598 -1.851 0.344
Car 0 0 -1.640 480.179 184.195 514.881 219.705 1.526 1.634 3.915 -4.815 1.251 31.011 -1.795 0.265
Car 0 0 1.754 335.598 187.006 363.613 213.013 1.526 1.634 3.915 -15.255 1.594 42.342 1.407 0.260
