Car 0 0 2.071 0.000 203.039 313.160 370.423 1.526 1.634 3.915 -4.130 1.038 6.579 1.510 0.920
Car 0 0 1.913 249.708 198.953 400.985 308.549 1.526 1.634 3.915 -3.958 1.127 10.048 1.537 0.879
Car 0 0 -0.116 910.330 145.483 1097.516 207.700 1.526 1.634 3.915 9.674 0.092 17.699 0.383 0.800
Car 0 0 1.749 445.261 190.303 501.639 236.024 1.526 1.634 3.915 -4.543 1.346 24.085 1.562 0.683
Car 0 0 1.820 385.875 190.841 470.324 261.619 1.526 1.634 3.915 -3.913 1.151 15.558 1.574 0.674
Car 0 0 -1.521 618.837 174.603 663.534 211.238 1.526 1.634 3.915 1.318 0.836 30.059 -1.478 0.539
Car 0 0 1.727 515.785 183.503 551.183 214.259 1.526 1.634 3.915 -3.775 1.291 35.804 1.621 0.465
Car 0 0 1.628 696.758 177.966 745.505 210.738 1.526 1.634 3.915 5.196 1.001 33.602 1.781 0.449
Car 0 0 1.739 1166.478 149.343 1239.227 185.801 1.526 1.634 3.915 24.836 -0.221 30.204 2.427 0.413
Car 0 0 1.696 485.390 186.013 520.811 225.649 1.526 1.634 3.915 -4.099 1.270 27.783 1.550 0.378
Car 0 0 1.412 541.310 184.331 557.148 207.675 1.526 1.634 3.915 -3.944 1.513 47.173 1.328 0.346
Car 0 0 1.767 668.698 177.112 693.250 196.407 1.526 1.634 3.915 5.649 1.100 57.072 1.864 0.260
