Car 0 0 -0.605 942.984 198.397 1241.776 318.124 1.526 1.634 3.915 6.155 1.089 9.198 -0.015 0.908
Car 0 0 -2.484 0.262 198.594 211.133 365.103 1.526 1.634 3.915 -4.618 0.999 6.613 -3.094 0.896
Car 0 0 -0.526 883.613 185.147 1056.623 288.968 1.526 1.634 3.915 5.300 0.944 10.607 -0.063 0.882
Car 0 0 1.950 103.319 186.364 266.284 303.975 1.526 1.634 3.915 -5.512 0.938 9.363 1.417 0.780
Car 0 0 0.232 437.173 178.956 503.624 218.982 1.526 1.634 3.915 -5.306 0.996 27.512 0.041 0.773
Car 0 0 0.671 206.488 185.600 374.746 293.274 1.526 1.634 3.915 -4.521 0.944 10.227 0.254 0.747
Car 0 0 -2.219 727.068 183.680 849.678 236.314 1.526 1.634 3.915 5.185 1.077 20.922 -1.976 0.742
Car 0 0 -2.697 277.297 175.953 427.425 242.722 1.526 1.634 3.915 -5.879 0.834 16.493 -3.040 0.667
Car 0 0 -2.201 402.167 182.016 457.017 227.873 1.526 1.634 3.915 -5.990 1.068 24.014 -2.447 0.640
Car 0 0 -1.615 636.188 180.502 680.734 213.840 1.526 1.634 3.915 2.239 1.113 33.031 -1.548 0.548
Car 0 0 1.671 515.907 177.632 560.775 204.396 1.526 1.634 3.915 -4.061 1.036 41.144 1.572 0.421
Car 0 0 -1.622 530.637 174.784 574.636 202.293 1.526 1.634 3.915 -3.158 0.870 40.031 -1.702 0.321
