Car 0 0 2.112 0.539 238.332 363.177 372.247 1.526 1.634 3.915 -4.874 1.509 8.223 1.576 0.894
Car 0 0 1.967 278.074 207.943 467.094 330.914 1.526 1.634 3.915 -2.941 1.199 8.955 1.649 0.886
Car 0 0 -1.900 731.166 200.907 933.673 320.978 1.526 1.634 3.915 2.833 1.120 9.171 -1.601 0.870
Car 0 0 -1.415 481.204 196.036 547.629 244.755 1.526 1.634 3.915 -2.980 1.489 22.603 -1.546 0.731
Car 0 0 -1.781 662.585 188.115 731.613 244.104 1.526 1.634 3.915 2.386 1.179 19.668 -1.661 0.565
Car 0 0 -1.855 699.763 194.474 783.330 270.633 1.526 1.634 3.915 2.645 1.196 14.459 -1.675 0.515
Car 0 0 1.660 538.713 193.105 567.410 222.563 1.526 1.634 3.915 -2.927 1.812 37.382 1.581 0.482
Car 0 0 -1.686 631.659 185.876 660.082 210.079 1.526 1.634 3.915 2.290 1.584 45.499 -1.637 0.472
Car 0 0 1.456 618.445 184.237 642.712 206.989 1.526 1.634 3.915 1.410 1.527 48.401 1.485 0.367
Car 0 0 1.563 568.396 184.354 586.307 200.838 1.526 1.634 3.915 -2.982 1.828 66.802 1.518 0.322
Car 0 0 -1.428 692.358 193.985 736.169 258.986 1.526 1.634 3.915 2.458 1.259 16.941 -1.284 0.272
