Car 0 0 -1.832 800.310 186.465 1015.127 341.933 1.526 1.634 3.915 2.981 0.822 6.941 -1.427 0.847
Car 0 0 2.264 973.112 282.655 1241.448 373.265 1.526 1.634 3.915 8.476 2.484 11.909 2.882 0.648
Car 0 0 2.101 0.110 128.423 149.252 368.968 1.526 1.634 3.915 -3.359 0.433 4.486 1.458 0.605
Car 0 0 -1.143 213.613 178.221 302.085 213.509 1.526 1.634 3.915 -14.974 0.664 30.579 -1.599 0.573
Car 0 0 -1.352 344.137 163.756 413.513 210.388 1.526 1.634 3.915 -7.372 0.215 23.140 -1.661 0.573
Car 0 0 1.505 121.042 166.611 188.751 213.213 1.526 1.634 3.915 -14.711 0.308 23.156 0.938 0.569
Car 0 0 -1.749 727.971 169.416 770.798 202.314 1.526 1.634 3.915 6.741 0.249 32.801 -1.547 0.470
Car 0 0 -1.588 583.257 163.052 635.619 206.545 1.526 1.634 3.915 0.188 0.151 24.811 -1.581 0.467
Car 0 0 -1.407 421.558 175.496 476.029 209.373 1.526 1.634 3.915 -6.996 0.537 31.853 -1.624 0.427
Truck 0 0 -1.352 344.170 164.106 412.511 210.488 3.075 2.618 11.229 -14.968 0.450 46.880 -1.662 0.278
Truck 0 0 1.403 637.470 137.886 684.132 183.107 3.072 2.617 11.102 3.853 -1.359 48.031 1.482 0.277
Truck 0 0 -0.783 800.592 132.867 1013.159 232.391 3.200 2.605 12.091 9.735 0.068 22.731 -0.379 0.267
Car 0 0 -1.445 519.049 167.220 564.436 194.381 1.526 1.634 3.915 -3.503 0.016 39.729 -1.534 0.260
