Car 0 0 -1.935 775.306 196.296 1069.324 370.609 1.526 1.634 3.915 2.738 0.968 6.317 -1.526 0.867
Car 0 0 -1.768 675.824 186.766 756.686 241.962 1.526 1.634 3.915 2.950 1.148 19.951 -1.622 0.805
Car 0 0 -2.599 85.399 172.471 335.495 288.949 1.526 1.634 3.915 -5.229 0.758 9.454 -3.105 0.802
Car 0 0 2.130 0.148 154.199 82.532 363.073 1.526 1.634 3.915 -4.152 0.627 5.272 1.463 0.749
Car 0 0 0.639 67.914 206.023 237.818 343.760 1.526 1.634 3.915 -5.060 1.131 7.995 0.074 0.736
Car 0 0 -1.688 650.338 178.016 697.859 215.714 1.526 1.634 3.915 2.613 0.972 29.211 -1.599 0.697
Car 0 0 1.969 390.561 171.295 483.201 227.434 1.526 1.634 3.915 -4.694 0.721 19.616 1.733 0.647
Car 0 0 2.038 1024.601 310.711 1241.254 373.470 1.526 1.634 3.915 12.727 4.116 17.547 2.665 0.637
Car 0 0 0.525 313.364 180.139 438.784 244.104 1.526 1.634 3.915 -5.571 0.937 17.216 0.212 0.637
Car 0 0 1.600 474.162 178.095 510.761 211.364 1.526 1.634 3.915 -5.372 1.004 33.100 1.438 0.590
Car 0 0 2.007 496.594 174.410 544.191 206.406 1.526 1.634 3.915 -4.253 0.837 34.416 1.884 0.396
Car 0 0 1.590 634.520 178.567 654.130 205.017 1.526 1.634 3.915 2.006 1.093 41.634 1.637 0.371
Car 0 0 1.437 539.987 176.504 566.650 203.502 1.526 1.634 3.915 -3.179 0.969 40.788 1.358 0.356
Car 0 0 1.723 549.905 176.292 581.513 193.545 1.526 1.634 3.915 -3.879 1.067 63.827 1.661 0.355
