Car 0 0 -0.669 456.931 172.447 531.055 203.121 1.526 1.634 3.915 -5.477 0.362 35.179 -0.825 0.738
Car 0 0 1.755 675.249 174.414 704.352 189.066 1.526 1.634 3.915 8.928 0.128 73.646 1.874 0.606
Car 0 0 2.049 550.550 165.662 610.534 191.237 1.526 1.634 3.915 -1.405 -0.123 42.193 2.015 0.603
Car 0 0 -1.217 807.279 170.776 847.885 193.085 1.526 1.634 3.915 15.290 0.097 48.370 -0.911 0.438
Car 0 0 -1.786 247.962 171.121 341.854 210.103 1.526 1.634 3.915 -12.104 0.396 27.681 -2.199 0.431
Car 0 0 1.770 724.880 173.391 755.469 189.906 1.526 1.634 3.915 12.576 0.106 65.338 1.960 0.428
Car 0 0 1.620 751.130 171.950 775.911 189.606 1.526 1.634 3.915 13.782 0.023 61.118 1.842 0.337
Pedestrian 0 0 -1.845 848.136 171.740 872.738 221.814 1.760 0.660 0.932 9.013 0.572 24.858 -1.498 0.315
Car 0 0 2.039 621.111 174.915 648.562 196.856 1.526 1.634 3.915 2.139 0.374 49.182 2.081 0.283
Car 0 0 1.751 891.337 173.506 916.143 188.998 1.526 1.634 3.915 29.522 0.073 69.658 2.151 0.279
Car 0 0 1.933 596.400 173.186 636.216 196.409 1.526 1.634 3.915 0.804 0.282 46.466 1.950 0.267
Car 0 0 -1.777 981.296 171.560 1018.243 191.771 1.526 1.634 3.915 29.880 0.087 53.392 -1.268 0.264
