Car 0 0 2.348 0.319 226.364 134.831 374.411 1.526 1.634 3.915 -5.587 1.315 7.438 1.703 0.888
Car 0 0 2.029 116.761 209.419 321.379 324.559 1.526 1.634 3.915 -5.176 1.248 9.564 1.533 0.854
Car 0 0 2.717 864.887 147.679 1064.098 213.940 1.526 1.634 3.915 8.175 0.183 16.619 3.174 0.847
Car 0 0 1.870 383.970 192.566 451.018 243.115 1.526 1.634 3.915 -5.799 1.358 21.785 1.610 0.794
Car 0 0 1.940 303.930 199.650 397.706 268.442 1.526 1.634 3.915 -5.740 1.358 16.008 1.595 0.760
Car 0 0 2.276 1193.665 134.286 1241.437 178.011 1.496 1.620 2.794 20.805 -0.572 24.691 2.976 0.614
Car 0 0 1.848 443.601 189.220 498.112 226.107 1.526 1.634 3.915 -5.739 1.440 29.853 1.657 0.544
Car 0 0 2.560 785.096 156.839 886.940 205.280 1.526 1.634 3.915 7.135 0.259 22.733 2.865 0.345
Car 0 0 -1.509 664.722 173.802 737.540 219.841 1.526 1.634 3.915 3.036 0.795 23.919 -1.383 0.312
Car 0 0 -1.749 597.228 171.572 620.842 189.792 1.526 1.634 3.915 -0.044 0.656 60.439 -1.749 0.305
