Car 0 0 -1.733 584.520 183.705 665.922 249.182 1.526 1.634 3.915 0.493 0.838 16.480 -1.703 0.812
Car 0 0 2.212 206.004 183.289 279.345 236.591 1.526 1.634 3.915 -10.348 0.843 20.245 1.739 0.803
Pedestrian 0 0 0.181 432.260 171.042 462.159 261.771 1.760 0.660 0.932 -3.044 0.697 13.720 -0.038 0.628
Car 0 0 1.708 461.653 178.494 519.949 226.877 1.526 1.634 3.915 -3.573 0.700 22.303 1.548 0.581
Cyclist 0 0 1.970 936.524 198.950 1031.032 270.587 1.739 0.571 1.833 9.220 1.318 17.168 2.462 0.536
Car 0 0 1.626 505.598 183.204 537.940 212.783 1.526 1.634 3.915 -4.247 0.902 36.482 1.509 0.534
Pedestrian 0 0 2.052 968.793 171.684 1022.341 258.862 1.760 0.660 0.932 7.906 0.702 14.278 2.557 0.517
Car 0 0 1.996 315.230 172.254 377.872 212.834 1.526 1.634 3.915 -9.686 0.453 26.592 1.646 0.499
Car 0 0 -1.633 646.923 169.307 694.841 216.133 1.526 1.634 3.915 2.177 0.398 23.045 -1.540 0.450
Car 0 0 -1.837 487.562 180.890 521.633 219.791 1.526 1.634 3.915 -3.903 0.778 27.739 -1.977 0.262
