Car 0 0 -1.809 844.009 173.741 947.885 254.663 1.526 1.634 3.915 5.505 0.635 13.335 -1.418 0.811
Car 0 0 -1.990 945.221 180.264 1062.948 251.432 1.526 1.634 3.915 8.578 0.758 15.163 -1.476 0.720
Car 0 0 0.570 5.557 179.303 156.860 234.441 1.526 1.634 3.915 -14.473 0.730 19.571 -0.067 0.651
Car 0 0 1.741 0.211 188.742 78.822 249.516 1.526 1.634 3.915 -14.178 0.970 17.756 1.066 0.633
Pedestrian 0 0 2.170 817.803 184.672 859.297 299.134 1.760 0.660 0.932 3.606 0.944 10.875 2.490 0.603
Car 0 0 2.073 0.087 211.051 19.479 278.501 1.526 1.634 3.915 -13.447 1.454 15.998 1.374 0.567
Car 0 0 2.115 247.518 176.833 301.498 211.274 1.526 1.634 3.915 -14.604 0.600 31.331 1.678 0.483
Car 0 0 0.826 82.362 176.858 158.295 229.533 1.526 1.634 3.915 -14.016 0.657 20.486 0.226 0.433
Car 0 0 0.848 446.973 171.333 488.871 193.086 1.526 1.634 3.915 -9.553 0.119 49.609 0.657 0.371
Car 0 0 -2.224 177.008 169.539 274.969 218.559 1.499 1.622 2.909 -11.564 0.414 21.626 -2.716 0.318
Car 0 0 2.049 796.942 165.469 826.624 185.383 1.526 1.634 3.915 15.918 -0.389 54.187 2.334 0.254
