Car 0 0 0.615 1.766 189.973 316.004 332.727 1.526 1.634 3.915 -4.818 0.946 7.714 0.056 0.899
Car 0 0 -2.698 218.039 184.784 415.203 255.891 1.526 1.634 3.915 -6.287 1.019 15.486 -3.085 0.882
Car 0 0 -1.873 749.504 186.928 901.774 291.366 1.526 1.634 3.915 3.158 0.969 10.544 -1.583 0.831
Car 0 0 1.666 444.403 182.379 503.021 229.087 1.526 1.634 3.915 -4.439 1.074 23.577 1.479 0.723
Car 0 0 1.841 379.031 183.759 470.014 233.842 1.526 1.634 3.915 -5.639 1.095 21.988 1.590 0.675
Car 0 0 -1.828 715.570 181.619 789.131 253.063 1.526 1.634 3.915 3.050 0.950 15.413 -1.633 0.596
Car 0 0 -1.632 682.478 180.873 729.434 219.300 1.526 1.634 3.915 3.829 1.082 28.657 -1.500 0.545
Car 0 0 -1.675 491.263 180.949 535.301 217.510 1.526 1.634 3.915 -4.019 1.101 30.120 -1.808 0.543
Car 0 0 -1.704 645.884 166.528 682.258 199.008 1.526 1.634 3.915 2.561 0.466 33.904 -1.629 0.495
Car 0 0 1.663 555.963 172.133 597.819 197.416 1.526 1.634 3.915 -1.972 0.720 43.556 1.617 0.435
Car 0 0 1.694 607.703 172.969 632.409 189.408 1.490 1.656 4.198 0.951 0.755 65.380 1.708 0.279
Car 0 0 -1.333 530.449 181.350 566.116 210.627 1.526 1.634 3.915 -3.194 1.206 37.613 -1.419 0.271
Car 0 0 1.580 584.551 172.972 605.503 192.135 1.526 1.634 3.915 -1.157 0.773 57.465 1.559 0.269
Car 0 0 2.107 0.167 211.740 58.014 370.887 1.501 1.623 2.985 -5.476 1.118 6.807 1.430 0.267
