Pedestrian 0 0 0.929 694.600 148.055 809.241 369.654 1.760 0.660 0.932 1.131 0.683 5.732 1.123 0.883
Pedestrian 0 0 -0.813 620.025 125.452 701.547 367.463 1.760 0.660 0.932 0.373 0.535 5.249 -0.743 0.789
Pedestrian 0 0 2.327 498.866 160.449 573.715 337.951 1.760 0.660 0.932 -0.727 0.757 7.156 2.226 0.701
Truck 0 0 -1.387 0.000 96.471 259.605 363.079 3.084 2.618 11.290 -5.550 0.658 8.347 -1.974 0.552
Pedestrian 0 0 1.262 563.821 142.985 593.097 227.072 1.760 0.660 0.932 -0.651 0.255 15.107 1.218 0.515
Cyclist 0 0 -0.204 289.216 210.826 406.212 296.691 1.739 0.571 1.833 -5.304 1.639 14.617 -0.553 0.466
Cyclist 0 0 2.350 348.389 175.891 481.933 274.554 1.739 0.571 1.833 -3.427 0.923 12.721 2.087 0.435
Pedestrian 0 0 1.540 604.074 152.292 623.021 207.349 1.760 0.660 0.932 0.128 0.223 23.072 1.545 0.366
Pedestrian 0 0 0.661 474.711 140.944 490.623 186.827 1.760 0.660 0.932 -4.869 -0.344 27.685 0.486 0.298
Pedestrian 0 0 -1.183 528.393 128.987 552.761 196.502 1.760 0.660 0.932 -1.799 -0.264 18.814 -1.279 0.282
