Car 0 0 2.052 0.000 187.871 386.561 374.774 1.526 1.634 3.915 -3.354 0.823 5.774 1.525 0.945
Car 0 0 -2.186 902.518 191.155 1241.349 373.323 1.526 1.634 3.915 3.920 0.852 5.924 -1.602 0.934
Car 0 0 -1.864 766.687 181.884 922.415 276.716 1.526 1.634 3.915 3.870 0.785 11.379 -1.537 0.869
Car 0 0 1.963 348.487 184.208 475.876 287.660 1.526 1.634 3.915 -2.831 0.818 10.431 1.698 0.824
Car 0 0 1.736 457.595 173.814 529.207 240.208 1.526 1.634 3.915 -2.544 0.609 16.253 1.581 0.709
Car 0 0 -1.729 731.396 175.899 801.667 238.677 1.526 1.634 3.915 3.949 0.651 17.189 -1.504 0.703
Car 0 0 1.869 531.711 172.148 596.503 220.847 1.526 1.634 3.915 -1.253 0.501 22.158 1.813 0.638
Car 0 0 1.922 649.634 171.315 710.639 200.032 1.526 1.634 3.915 4.042 0.275 37.576 2.029 0.574
Car 0 0 1.853 706.489 168.443 740.718 195.553 1.526 1.634 3.915 6.729 0.084 39.804 2.020 0.516
Car 0 0 1.478 586.484 175.605 612.219 195.492 1.508 1.645 4.055 -0.359 0.382 53.620 1.471 0.286
