Car 0 0 2.126 0.260 225.187 201.106 373.703 1.526 1.634 3.915 -5.229 1.301 7.415 1.511 0.929
Car 0 0 -1.881 683.455 183.891 800.865 266.096 1.526 1.634 3.915 2.462 0.968 13.396 -1.700 0.891
Car 0 0 -1.388 410.301 192.283 482.369 251.568 1.526 1.634 3.915 -4.202 1.263 18.575 -1.610 0.879
Car 0 0 -1.648 648.458 184.444 698.032 234.948 1.507 1.626 3.212 1.901 1.100 21.536 -1.560 0.760
Car 0 0 -1.553 462.636 183.960 509.605 225.757 1.526 1.634 3.915 -4.507 1.169 26.346 -1.722 0.472
Car 0 0 -1.630 625.035 181.961 655.274 209.419 1.526 1.634 3.915 1.701 1.269 40.105 -1.588 0.440
Car 0 0 1.585 565.802 187.396 597.183 206.662 1.526 1.634 3.915 -2.223 1.915 57.159 1.545 0.439
Car 0 0 1.524 532.612 184.283 562.681 202.703 1.526 1.634 3.915 -5.130 1.710 59.783 1.437 0.438
Car 0 0 1.602 602.095 181.160 627.700 205.469 1.526 1.634 3.915 0.335 1.285 45.300 1.608 0.379
Car 0 0 -2.331 995.476 187.824 1241.413 370.160 1.526 1.634 3.915 4.259 0.888 6.039 -1.717 0.331
Car 0 0 1.582 494.856 183.858 522.926 216.991 1.526 1.634 3.915 -4.637 1.270 33.236 1.442 0.270
