Car 0 0 -0.954 779.623 169.060 948.341 266.479 1.526 1.634 3.915 3.986 0.704 11.304 -0.616 0.818
Car 0 0 -0.881 0.042 198.501 64.024 285.871 1.526 1.634 3.915 -10.088 1.211 12.604 -1.557 0.818
Car 0 0 2.042 56.165 182.812 238.451 263.320 1.526 1.634 3.915 -8.763 0.952 13.678 1.472 0.782
Car 0 0 1.427 746.187 176.642 818.899 248.162 1.468 1.608 1.743 3.551 0.812 14.812 1.661 0.719
Car 0 0 1.831 699.834 175.947 766.386 229.209 1.526 1.634 3.915 3.540 0.852 20.675 2.000 0.693
Truck 0 0 -0.695 965.576 0.470 1241.792 260.367 3.181 2.607 11.963 6.048 -0.519 8.832 -0.095 0.550
Car 0 0 -1.653 591.696 172.381 639.643 215.134 1.526 1.634 3.915 0.218 0.746 25.758 -1.646 0.449
Car 0 0 -1.485 672.490 173.451 719.086 210.425 1.526 1.634 3.915 3.559 0.788 29.783 -1.367 0.328
Car 0 0 1.716 492.056 177.655 518.525 193.870 1.526 1.634 3.915 -9.814 1.215 67.913 1.572 0.284
Car 0 0 -1.755 640.019 171.058 671.755 196.486 1.508 1.645 4.059 2.747 0.647 42.779 -1.692 0.277
Car 0 0 1.615 544.754 175.415 562.626 189.158 1.526 1.634 3.915 -6.205 1.048 80.133 1.537 0.276
