Pedestrian 0 0 1.060 702.295 141.984 762.689 290.319 1.760 0.660 0.932 1.459 0.514 8.563 1.228 0.754
Pedestrian 0 0 1.153 644.093 139.911 701.671 300.532 1.760 0.660 0.932 0.694 0.519 7.908 1.239 0.642
Pedestrian 0 0 1.385 537.803 140.406 566.202 220.565 1.760 0.660 0.932 -1.264 0.168 15.847 1.305 0.563
Pedestrian 0 0 1.481 567.932 139.282 595.037 220.255 1.760 0.660 0.932 -0.610 0.150 15.687 1.441 0.527
Cyclist 0 0 2.248 356.198 180.507 482.758 277.422 1.739 0.571 1.833 -3.412 1.007 12.950 1.990 0.527
Cyclist 0 0 1.291 251.988 202.294 325.489 302.777 1.739 0.571 1.833 -5.554 1.379 12.490 0.872 0.459
Truck 0 0 -1.392 0.000 99.713 262.460 362.168 3.116 2.614 11.512 -5.679 0.690 8.567 -1.978 0.411
Pedestrian 0 0 -1.948 279.370 139.601 314.532 215.025 1.760 0.660 0.932 -7.297 0.104 16.842 -2.358 0.406
Cyclist 0 0 -3.019 292.480 183.680 406.854 293.847 1.739 0.571 1.833 -4.103 1.041 11.392 -3.366 0.391
Pedestrian 0 0 1.214 494.697 141.758 520.418 215.748 1.760 0.660 0.932 -2.427 0.140 17.168 1.073 0.388
Pedestrian 0 0 1.340 421.352 143.494 444.416 205.545 1.760 0.660 0.932 -5.013 0.047 20.471 1.099 0.372
Pedestrian 0 0 1.148 470.157 142.364 494.013 212.777 1.760 0.660 0.932 -3.187 0.118 18.040 0.973 0.335
