Car 0 0 1.897 342.389 193.544 431.902 249.957 1.526 1.634 3.915 -6.017 1.323 19.520 1.598 0.742
Car 0 0 1.871 416.589 187.011 469.913 233.766 1.526 1.634 3.915 -5.429 1.225 23.553 1.644 0.709
Car 0 0 0.851 1082.306 133.577 1201.087 180.884 1.526 1.634 3.915 17.168 -0.504 23.278 1.486 0.578
Car 0 0 1.829 458.899 181.709 506.959 218.562 1.526 1.634 3.915 -5.244 1.130 29.881 1.654 0.569
Car 0 0 -1.528 1170.945 114.436 1241.451 176.900 1.498 1.621 2.858 14.308 -0.652 17.303 -0.838 0.405
Car 0 0 -1.762 667.837 171.400 734.587 225.204 1.526 1.634 3.915 2.600 0.722 20.467 -1.636 0.387
Car 0 0 -1.181 1.108 204.492 88.590 257.687 1.526 1.634 3.915 -16.202 1.671 20.701 -1.846 0.358
Car 0 0 1.849 528.278 180.218 556.834 198.115 1.526 1.634 3.915 -5.714 1.391 61.530 1.755 0.291
Car 0 0 1.292 634.692 175.076 651.297 193.201 1.526 1.634 3.915 2.815 0.950 60.757 1.337 0.252
Car 0 0 1.444 557.628 175.385 584.853 192.793 1.526 1.634 3.915 -3.359 0.985 63.258 1.391 0.251
