Pedestrian 0 0 2.195 0.000 185.483 158.099 372.075 1.760 0.660 0.932 -5.005 0.999 6.808 1.561 0.917
Cyclist 0 0 2.211 832.375 211.312 983.266 371.021 1.739 0.571 1.833 3.248 1.289 7.858 2.602 0.866
Pedestrian 0 0 -2.261 642.119 172.470 691.746 335.185 1.760 0.660 0.932 0.621 0.876 7.807 -2.183 0.810
Pedestrian 0 0 -1.745 197.029 164.366 262.319 336.223 1.738 0.650 0.104 -3.843 0.783 7.299 -2.230 0.804
Pedestrian 0 0 -1.875 690.647 164.108 754.149 332.452 1.760 0.660 0.932 1.180 0.789 7.546 -1.721 0.786
Pedestrian 0 0 1.889 360.243 165.263 413.725 302.370 1.760 0.660 0.932 -2.858 0.783 9.265 1.589 0.659
Pedestrian 0 0 -1.817 792.717 174.378 831.061 252.476 1.760 0.660 0.932 4.561 0.915 16.265 -1.545 0.580
Cyclist 0 0 -1.943 347.081 221.771 423.507 321.828 1.739 0.571 1.833 -3.899 1.720 12.544 -2.244 0.562
Cyclist 0 0 -1.264 749.808 220.171 834.522 326.071 1.739 0.571 1.833 2.999 1.647 11.851 -1.016 0.538
Pedestrian 0 0 -1.707 753.755 169.455 777.742 232.664 1.760 0.660 0.932 4.350 0.786 20.096 -1.495 0.445
Car 0 0 1.638 567.222 169.607 593.219 191.250 1.526 1.634 3.915 -2.069 0.534 50.879 1.597 0.328
Pedestrian 0 0 -1.795 412.012 173.633 437.824 237.231 1.760 0.660 0.932 -5.111 0.902 19.973 -2.047 0.266
