Car 0 0 2.196 0.379 225.251 158.412 375.000 1.526 1.634 3.915 -5.403 1.297 7.354 1.562 0.901
Car 0 0 2.036 153.056 193.788 419.085 338.362 1.526 1.634 3.915 -3.415 0.984 7.617 1.614 0.880
Car 0 0 -2.417 1139.817 122.840 1241.581 231.481 1.526 1.634 3.915 8.164 0.060 10.136 -1.739 0.813
Car 0 0 1.961 396.789 192.903 484.372 263.824 1.526 1.634 3.915 -3.636 1.195 15.527 1.730 0.811
Car 0 0 1.819 465.895 186.562 522.410 239.239 1.526 1.634 3.915 -3.344 1.160 20.905 1.660 0.787
Car 0 0 1.327 744.473 174.001 834.032 229.733 1.526 1.634 3.915 4.921 0.795 19.759 1.570 0.725
Car 0 0 -1.592 651.018 182.110 692.990 215.223 1.526 1.634 3.915 2.878 1.190 33.257 -1.505 0.654
Car 0 0 1.775 518.912 185.728 559.013 222.950 1.526 1.634 3.915 -2.895 1.291 29.584 1.676 0.518
Car 0 0 -1.729 570.214 174.686 611.784 194.816 1.526 1.634 3.915 -1.407 0.902 54.705 -1.756 0.478
Car 0 0 1.467 715.669 174.079 744.473 207.365 1.526 1.634 3.915 5.526 0.819 33.083 1.632 0.380
Car 0 0 1.672 688.009 173.302 723.114 208.534 1.526 1.634 3.915 4.159 0.782 31.255 1.803 0.371
Car 0 0 1.785 536.027 184.562 567.994 218.356 1.526 1.634 3.915 -2.599 1.292 32.586 1.705 0.332
Car 0 0 1.516 556.120 184.568 574.827 208.344 1.526 1.634 3.915 -2.830 1.515 46.314 1.455 0.300
