Car 0 0 -3.145 674.565 170.413 781.667 206.189 1.526 1.634 3.915 5.058 0.659 30.780 -2.983 0.785
Pedestrian 0 0 -2.135 0.081 227.298 84.050 372.669 1.760 0.660 0.932 -6.873 1.540 8.738 -2.802 0.575
Car 0 0 1.647 497.120 184.427 536.590 210.297 1.526 1.634 3.915 -5.469 1.446 42.566 1.518 0.561
Car 0 0 1.920 1007.531 154.507 1073.694 185.826 1.526 1.634 3.915 21.006 -0.131 35.161 2.458 0.549
Car 0 0 -1.738 1064.615 150.488 1109.701 187.399 1.522 1.637 3.947 19.694 -0.161 29.752 -1.153 0.402
Car 0 0 1.578 631.465 173.614 655.823 193.466 1.526 1.634 3.915 2.620 0.822 55.472 1.625 0.379
Car 0 0 1.835 617.855 175.498 645.527 193.578 1.526 1.634 3.915 1.868 0.986 60.907 1.865 0.346
Car 0 0 -0.575 887.752 145.173 982.802 181.632 1.526 1.634 3.915 13.635 -0.396 30.204 -0.151 0.342
Car 0 0 -1.739 822.880 158.949 858.896 180.327 1.526 1.634 3.915 16.515 -0.230 51.511 -1.429 0.341
Car 0 0 -0.245 936.706 153.399 983.488 179.541 1.526 1.634 3.915 20.465 -0.373 42.124 0.207 0.272
