Car 0 0 -2.257 875.572 197.555 1241.476 375.000 1.526 1.634 3.915 3.862 0.976 6.206 -1.701 0.895
Car 0 0 1.938 343.360 186.418 472.039 271.605 1.526 1.634 3.915 -3.616 1.006 12.927 1.664 0.856
Car 0 0 1.506 692.517 178.559 741.097 213.877 1.526 1.634 3.915 4.634 1.010 31.179 1.652 0.659
Car 0 0 1.874 448.744 187.004 508.344 244.117 1.526 1.634 3.915 -3.501 1.141 19.281 1.694 0.542
Car 0 0 1.625 584.796 183.950 612.279 199.460 1.526 1.634 3.915 -1.085 1.855 71.000 1.609 0.486
Car 0 0 0.134 54.320 194.204 155.404 233.597 1.526 1.634 3.915 -19.553 1.590 27.954 -0.477 0.454
Car 0 0 1.756 510.949 184.513 550.273 224.375 1.526 1.634 3.915 -3.023 1.209 27.626 1.646 0.415
Car 0 0 -0.034 248.564 176.999 322.082 210.336 1.526 1.634 3.915 -14.844 0.953 33.032 -0.456 0.369
Car 0 0 1.878 499.635 187.328 533.372 229.442 1.526 1.634 3.915 -3.372 1.288 26.148 1.749 0.332
Car 0 0 1.859 602.536 182.739 622.232 198.694 1.526 1.634 3.915 0.270 1.709 69.021 1.862 0.269
