Car 0 0 -0.955 405.949 181.136 519.235 240.873 1.526 1.634 3.915 -3.755 0.975 18.434 -1.157 0.869
Truck 0 0 -2.194 0.242 137.887 371.005 366.010 3.075 2.618 11.229 -5.715 1.066 9.727 -2.726 0.866
Car 0 0 1.735 612.088 173.575 661.759 209.273 1.526 1.634 3.915 1.170 0.794 30.848 1.771 0.661
Car 0 0 1.829 798.911 156.468 827.331 171.327 1.526 1.634 3.915 20.908 -0.920 74.110 2.103 0.598
Car 0 0 1.587 1172.710 153.560 1211.417 170.233 1.526 1.634 3.915 53.321 -1.003 66.048 2.266 0.503
Car 0 0 -1.642 1141.725 151.828 1172.245 171.401 1.526 1.634 3.915 42.684 -0.876 56.260 -0.994 0.479
Car 0 0 -1.540 639.502 174.369 674.941 206.028 1.526 1.634 3.915 2.298 0.836 34.783 -1.474 0.474
Car 0 0 1.787 1029.523 157.099 1056.356 173.070 1.526 1.634 3.915 41.414 -0.742 68.951 2.327 0.460
Car 0 0 2.206 852.429 157.410 893.301 172.685 1.526 1.634 3.915 26.308 -0.780 72.091 2.554 0.416
Car 0 0 1.585 1084.812 154.950 1113.782 172.984 1.526 1.634 3.915 41.448 -0.752 61.066 2.181 0.406
Car 0 0 1.601 546.654 169.960 580.890 191.654 1.447 1.681 4.523 -3.055 0.531 48.139 1.537 0.392
Car 0 0 1.505 1110.369 152.669 1142.948 172.574 1.526 1.634 3.915 39.649 -0.785 55.324 2.126 0.377
Car 0 0 -1.641 729.333 170.384 758.770 184.530 1.526 1.634 3.915 14.510 0.497 77.845 -1.456 0.357
Car 0 0 1.620 522.089 176.226 551.279 202.096 1.526 1.634 3.915 -4.299 0.962 42.566 1.518 0.353
Car 0 0 2.045 341.547 182.796 411.240 215.071 1.526 1.634 3.915 -11.026 1.233 34.119 1.732 0.348
Car 0 0 -1.529 693.525 170.553 720.797 189.489 1.526 1.634 3.915 7.866 0.578 58.154 -1.395 0.336
Car 0 0 -0.036 829.843 157.899 881.848 172.305 1.526 1.634 3.915 26.092 -0.821 76.441 0.292 0.305
Car 0 0 1.660 668.449 172.529 689.670 195.816 1.526 1.634 3.915 4.555 0.742 47.289 1.756 0.257
