Car 0 0 -0.799 910.569 222.642 1241.962 373.956 1.526 1.634 3.915 4.763 1.188 7.131 -0.211 0.913
Car 0 0 -1.867 768.000 203.883 944.456 306.594 1.526 1.634 3.915 3.747 1.110 10.506 -1.525 0.871
Car 0 0 1.735 502.930 175.114 568.454 216.643 1.526 1.634 3.915 -2.513 0.565 25.984 1.637 0.745
Car 0 0 1.915 438.881 177.231 495.066 275.310 1.526 1.634 3.915 -2.134 0.712 11.002 1.722 0.727
Car 0 0 1.956 79.965 149.298 450.075 371.045 1.526 1.634 3.915 -2.334 0.548 4.866 1.509 0.724
Car 0 0 -1.697 701.349 184.058 748.078 234.496 1.526 1.634 3.915 3.650 0.871 21.394 -1.529 0.533
Car 0 0 -1.870 728.079 193.259 818.618 260.259 1.526 1.634 3.915 3.856 1.054 16.106 -1.636 0.501
Car 0 0 -1.671 675.173 187.482 712.519 225.488 1.526 1.634 3.915 3.605 1.043 28.393 -1.545 0.450
Truck 0 0 1.951 79.404 146.377 449.500 370.917 3.075 2.618 11.229 -4.652 1.070 9.684 1.503 0.400
Car 0 0 2.000 570.495 176.205 595.582 186.629 1.526 1.634 3.915 -3.081 0.133 103.514 1.970 0.357
Car 0 0 -1.763 652.331 180.321 675.964 212.518 1.526 1.634 3.915 2.847 0.754 33.516 -1.679 0.292
