Car 0 0 2.185 0.337 208.871 167.613 357.757 1.526 1.634 3.915 -5.388 1.132 7.396 1.555 0.908
Car 0 0 -0.994 849.328 173.782 1085.606 310.823 1.526 1.634 3.915 3.986 0.773 8.036 -0.534 0.874
Car 0 0 -1.797 1041.891 183.168 1241.548 371.717 1.498 1.621 2.875 4.229 0.831 5.734 -1.162 0.843
Car 0 0 -0.935 704.540 173.766 831.290 233.031 1.526 1.634 3.915 4.078 0.787 18.581 -0.720 0.653
Car 0 0 -1.613 588.087 172.666 636.105 212.070 1.526 1.634 3.915 0.098 0.756 27.946 -1.609 0.568
Car 0 0 -1.677 669.088 173.168 713.989 220.199 1.497 1.621 2.807 2.609 0.758 22.961 -1.565 0.551
Car 0 0 1.650 450.622 182.356 489.389 210.124 1.526 1.634 3.915 -7.670 1.285 39.657 1.459 0.506
Car 0 0 1.933 512.722 174.830 538.443 190.688 1.526 1.634 3.915 -8.082 0.953 69.444 1.817 0.336
Car 0 0 1.743 411.234 176.640 455.110 205.918 1.526 1.634 3.915 -9.195 0.960 37.612 1.503 0.287
Car 0 0 1.349 496.384 175.203 517.341 189.935 1.526 1.634 3.915 -10.639 1.006 74.747 1.207 0.282
Car 0 0 1.675 543.337 169.182 568.904 188.638 1.526 1.634 3.915 -4.192 0.475 56.600 1.601 0.259
