Car 0 0 -2.191 809.062 184.328 1241.330 375.000 1.526 1.634 3.915 3.327 0.855 5.775 -1.669 0.860
Car 0 0 -0.874 262.660 185.080 405.595 275.984 1.526 1.634 3.915 -4.624 0.968 12.114 -1.239 0.806
Car 0 0 1.460 430.478 166.388 500.337 215.578 1.526 1.634 3.915 -4.473 0.562 22.387 1.262 0.691
Car 0 0 -2.314 85.378 170.450 284.297 303.769 1.526 1.634 3.915 -4.862 0.736 8.260 -2.847 0.672
Car 0 0 -2.255 716.990 176.852 814.233 211.887 1.526 1.634 3.915 6.798 0.937 31.431 -2.043 0.567
Car 0 0 1.401 498.761 171.635 544.721 199.902 1.526 1.634 3.915 -4.741 0.697 38.957 1.279 0.555
Car 0 0 -1.714 613.048 175.681 645.397 199.534 1.526 1.634 3.915 1.258 0.944 46.167 -1.688 0.507
Car 0 0 1.405 377.572 171.160 470.729 222.592 1.495 1.620 2.747 -5.389 0.698 20.973 1.153 0.447
Car 0 0 -1.091 351.958 183.775 441.784 244.064 1.526 1.634 3.915 -5.384 1.040 18.265 -1.379 0.426
Car 0 0 -1.718 625.375 177.430 661.450 201.936 1.526 1.634 3.915 2.108 1.048 44.937 -1.672 0.359
Car 0 0 -1.148 0.185 182.173 193.747 369.941 1.526 1.634 3.915 -4.166 0.839 5.865 -1.766 0.357
Car 0 0 1.097 421.963 176.348 472.851 218.759 1.521 1.632 3.720 -5.815 0.886 25.876 0.875 0.325
