Car 0 0 -0.996 0.284 200.558 192.054 375.124 1.526 1.634 3.915 -4.488 1.005 6.308 -1.614 0.903
Car 0 0 -1.216 242.044 191.026 379.144 275.211 1.526 1.634 3.915 -5.420 1.093 13.081 -1.610 0.843
Car 0 0 -1.818 637.974 184.221 759.219 271.286 1.526 1.634 3.915 1.561 0.962 12.648 -1.696 0.830
Car 0 0 -1.048 119.459 168.319 272.125 250.291 1.526 1.634 3.915 -7.704 0.679 13.434 -1.570 0.739
Car 0 0 -1.700 516.904 181.382 566.066 222.870 1.526 1.634 3.915 -2.504 1.077 26.543 -1.795 0.577
Car 0 0 -1.918 342.382 186.896 421.598 245.613 1.526 1.634 3.915 -5.915 1.128 18.754 -2.225 0.533
Car 0 0 -1.546 400.201 186.161 446.651 228.412 1.526 1.634 3.915 -6.723 1.244 26.063 -1.799 0.514
Car 0 0 -1.543 441.962 182.869 479.783 209.985 1.526 1.634 3.915 -8.369 1.327 40.612 -1.747 0.460
Truck 0 0 -1.032 118.079 168.065 272.633 249.246 3.075 2.618 11.229 -15.691 1.356 27.334 -1.554 0.339
Car 0 0 1.835 429.836 185.578 452.534 224.475 1.526 1.634 3.915 -6.606 1.262 28.311 1.606 0.296
