Car 0 0 -3.423 835.875 180.180 1017.817 258.104 1.526 1.634 3.915 6.214 0.907 14.132 -3.009 0.887
Car 0 0 -3.139 1077.867 181.612 1241.236 257.680 1.526 1.634 3.915 11.035 0.939 14.476 -2.488 0.830
Car 0 0 -1.856 652.340 177.067 723.839 234.216 1.526 1.634 3.915 2.097 0.876 19.269 -1.747 0.568
Pedestrian 0 0 -1.887 460.556 174.987 476.020 217.268 1.760 0.660 0.932 -5.882 0.969 30.043 -2.081 0.419
Car 0 0 2.281 527.904 181.338 576.472 200.556 1.526 1.634 3.915 -4.556 1.437 57.300 2.202 0.389
Car 0 0 -1.714 584.294 181.173 617.957 212.418 1.526 1.634 3.915 -0.412 1.169 35.244 -1.726 0.380
Car 0 0 1.386 0.034 223.179 48.576 254.067 1.526 1.634 3.915 -28.918 3.250 35.651 0.705 0.337
Car 0 0 -1.651 645.042 179.425 675.589 228.209 1.526 1.634 3.915 1.588 0.969 22.573 -1.581 0.321
Car 0 0 1.977 615.205 177.269 640.213 200.301 1.526 1.634 3.915 1.203 1.056 47.813 2.002 0.299
Car 0 0 -3.263 890.557 279.119 1241.282 371.498 1.526 1.634 3.915 7.539 2.519 11.920 -2.700 0.269
