Car 0 0 -2.119 796.326 190.591 1241.325 373.031 1.526 1.634 3.915 3.424 0.911 6.036 -1.604 0.896
Car 0 0 -2.780 314.496 174.269 437.267 236.990 1.526 1.634 3.915 -5.686 0.798 17.557 -3.095 0.842
Car 0 0 0.709 0.000 80.364 366.040 296.878 1.568 1.630 4.208 -3.090 0.114 5.227 0.175 0.718
Car 0 0 -0.503 748.961 183.134 851.994 228.877 1.526 1.634 3.915 6.370 1.106 24.073 -0.245 0.648
Car 0 0 0.576 0.068 170.754 260.256 352.006 1.526 1.634 3.915 -4.037 0.745 6.076 -0.011 0.643
Car 0 0 2.027 390.160 174.126 483.865 226.422 1.526 1.634 3.915 -5.036 0.800 21.057 1.793 0.572
Car 0 0 2.170 494.920 171.769 539.861 202.099 1.526 1.634 3.915 -4.638 0.708 36.306 2.042 0.538
Car 0 0 0.200 450.706 171.653 505.760 217.473 1.526 1.634 3.915 -4.374 0.723 24.033 0.020 0.523
Car 0 0 -1.659 636.853 179.001 667.082 199.526 1.526 1.634 3.915 3.153 1.220 53.653 -1.601 0.480
Car 0 0 -1.727 692.878 182.661 751.745 213.388 1.526 1.634 3.915 5.600 1.250 35.839 -1.573 0.465
Car 0 0 -1.773 517.375 171.437 552.817 199.238 1.526 1.634 3.915 -4.088 0.685 39.610 -1.876 0.297
Car 0 0 1.631 556.521 173.095 583.477 194.618 1.526 1.634 3.915 -2.805 0.780 51.164 1.575 0.288
Car 0 0 -0.145 795.002 205.072 897.026 257.672 1.526 1.634 3.915 6.861 1.698 20.936 0.172 0.276
Car 0 0 2.618 796.203 186.783 985.819 255.487 1.526 1.634 3.915 6.252 1.073 16.028 2.990 0.274
Car 0 0 1.698 530.358 170.160 571.810 197.029 1.526 1.634 3.915 -3.321 0.610 40.983 1.617 0.260
