Car 0 0 -1.650 593.141 187.888 670.334 250.573 1.526 1.634 3.915 0.540 1.129 17.567 -1.621 0.889
Car 0 0 2.051 218.430 183.143 313.656 235.484 1.526 1.634 3.915 -10.017 1.063 21.039 1.607 0.712
Car 0 0 1.751 514.769 184.617 552.575 210.576 1.526 1.634 3.915 -4.461 1.455 42.420 1.646 0.558
Car 0 0 -1.748 471.536 181.275 523.804 226.937 1.526 1.634 3.915 -3.740 1.045 24.116 -1.903 0.482
Car 0 0 1.919 342.918 178.875 393.656 215.783 1.526 1.634 3.915 -9.977 1.012 29.837 1.596 0.452
Pedestrian 0 0 2.543 908.809 171.303 948.529 252.787 1.760 0.660 0.932 6.895 0.847 15.589 2.958 0.423
Cyclist 0 0 2.093 879.589 203.178 954.640 257.103 1.739 0.571 1.833 9.921 1.848 23.274 2.495 0.377
Pedestrian 0 0 -1.937 462.426 177.316 484.525 227.574 1.760 0.660 0.932 -4.767 1.037 25.275 -2.124 0.346
Car 0 0 1.640 579.306 181.542 607.393 219.618 1.526 1.634 3.915 -0.650 1.111 28.921 1.617 0.288
Car 0 0 -1.606 653.582 176.719 688.014 221.646 1.526 1.634 3.915 2.080 0.894 24.511 -1.522 0.270
