Car 0 0 2.087 44.814 204.868 330.975 325.298 1.526 1.634 3.915 -5.344 1.169 9.144 1.557 0.904
Car 0 0 -1.876 761.902 182.406 962.212 301.629 1.526 1.634 3.915 3.232 0.885 9.236 -1.540 0.884
Car 0 0 -2.191 878.117 206.615 1242.000 370.733 1.526 1.634 3.915 4.189 1.077 6.710 -1.633 0.876
Car 0 0 1.879 294.489 189.610 411.335 264.046 1.526 1.634 3.915 -5.262 1.107 14.794 1.537 0.715
Car 0 0 1.335 692.802 181.092 765.918 235.184 1.526 1.634 3.915 3.380 0.996 20.358 1.499 0.707
Car 0 0 1.925 420.773 187.870 489.966 233.728 1.526 1.634 3.915 -5.132 1.263 24.014 1.714 0.613
Car 0 0 1.542 539.056 171.851 580.992 197.824 1.526 1.634 3.915 -2.911 0.704 42.399 1.473 0.478
Car 0 0 1.514 0.106 206.488 22.900 237.734 1.526 1.634 3.915 -29.212 2.406 35.243 0.821 0.435
Car 0 0 -1.768 651.411 178.338 701.995 208.671 1.526 1.634 3.915 3.378 1.039 36.304 -1.676 0.312
Car 0 0 1.793 487.892 180.529 532.259 208.816 1.526 1.634 3.915 -5.368 1.177 38.930 1.656 0.273
