Car 0 0 -1.165 872.485 181.471 1165.404 352.929 1.511 1.627 3.363 3.609 0.832 6.361 -0.650 0.883
Car 0 0 -1.059 786.429 162.225 960.547 281.648 1.526 1.634 3.915 3.373 0.627 9.221 -0.709 0.773
Car 0 0 1.759 409.021 183.959 468.475 223.461 1.526 1.634 3.915 -6.599 1.192 27.877 1.525 0.741
Car 0 0 -1.925 1150.574 143.146 1241.298 372.002 1.526 1.634 3.915 3.910 0.565 4.812 -1.243 0.703
Car 0 0 -1.572 721.658 176.433 781.493 234.054 1.526 1.634 3.915 3.762 0.858 19.111 -1.378 0.633
Car 0 0 -1.788 761.586 176.968 801.521 255.173 1.526 1.634 3.915 3.357 0.843 14.081 -1.555 0.620
Car 0 0 -1.693 589.872 179.427 636.312 215.241 1.518 1.630 3.607 0.150 1.038 30.582 -1.688 0.367
Car 0 0 1.596 705.755 171.816 739.700 206.744 1.526 1.634 3.915 4.945 0.718 31.528 1.750 0.321
Car 0 0 -1.650 663.894 174.631 699.362 208.336 1.457 1.602 1.306 3.114 0.805 31.181 -1.551 0.260
Car 0 0 1.763 454.718 174.941 482.276 196.617 1.526 1.634 3.915 -9.932 0.910 50.803 1.569 0.253
