Car 0 0 2.053 174.494 181.420 438.844 332.822 1.526 1.634 3.915 -3.053 0.849 7.273 1.655 0.914
Car 0 0 -2.152 974.617 219.216 1240.790 371.205 1.526 1.634 3.915 5.002 1.229 7.245 -1.548 0.898
Car 0 0 -1.904 805.192 189.612 1041.493 327.332 1.526 1.634 3.915 3.477 0.949 7.996 -1.494 0.880
Car 0 0 1.929 581.776 173.702 677.842 232.415 1.526 1.634 3.915 0.526 0.785 18.756 1.956 0.769
Car 0 0 1.611 676.033 169.548 703.092 205.780 1.526 1.634 3.915 3.370 0.624 30.393 1.721 0.509
Car 0 0 -1.449 641.833 172.966 678.689 224.046 1.526 1.634 3.915 1.515 0.766 21.558 -1.379 0.467
Car 0 0 1.761 705.089 158.525 760.952 190.920 1.526 1.634 3.915 5.817 0.088 33.994 1.930 0.445
Car 0 0 1.814 549.911 173.551 586.439 192.198 1.526 1.634 3.915 -3.387 0.820 59.056 1.757 0.400
Car 0 0 -1.642 800.049 181.896 881.633 253.536 1.526 1.634 3.915 4.927 0.956 15.371 -1.333 0.393
Car 0 0 -1.833 169.612 189.102 221.207 216.914 1.526 1.634 3.915 -22.727 1.655 39.595 -2.355 0.340
