Car 0 0 -2.075 923.764 192.989 1241.694 371.506 1.526 1.634 3.915 4.045 0.935 6.169 -1.496 0.923
Car 0 0 -1.872 795.690 194.660 987.621 301.517 1.526 1.634 3.915 4.029 1.075 10.305 -1.500 0.895
Car 0 0 1.919 323.070 189.640 454.572 269.235 1.526 1.634 3.915 -4.233 1.085 13.835 1.622 0.834
Car 0 0 -1.770 738.456 184.326 829.363 255.682 1.526 1.634 3.915 3.729 1.008 15.433 -1.534 0.819
Car 0 0 1.787 435.820 186.425 500.564 236.213 1.526 1.634 3.915 -4.333 1.179 22.118 1.593 0.647
Car 0 0 1.745 530.000 181.494 568.972 203.763 1.526 1.634 3.915 -4.117 1.355 49.451 1.661 0.575
Car 0 0 -1.701 711.032 181.118 765.495 234.871 1.526 1.634 3.915 3.654 0.998 20.487 -1.525 0.571
Car 0 0 1.767 495.881 185.167 522.927 223.489 1.526 1.634 3.915 -3.989 1.253 28.736 1.628 0.515
Car 0 0 -1.819 677.814 179.038 721.851 217.641 1.526 1.634 3.915 3.569 1.008 28.526 -1.696 0.445
Car 0 0 1.826 626.675 176.531 658.936 191.232 1.526 1.634 3.915 3.452 1.145 74.910 1.871 0.425
