Car 0 0 -1.555 577.350 184.345 611.037 217.319 1.526 1.634 3.915 -0.711 1.295 33.396 -1.576 0.680
Car 0 0 1.388 1087.782 184.391 1132.301 208.829 1.526 1.634 3.915 31.256 1.484 45.061 1.995 0.631
Car 0 0 1.818 1015.086 182.121 1059.726 203.640 1.526 1.634 3.915 30.343 1.420 51.172 2.353 0.606
Car 0 0 1.889 978.241 183.981 1013.699 203.560 1.526 1.634 3.915 30.120 1.630 56.243 2.380 0.587
Car 0 0 2.024 1176.386 184.172 1227.359 207.948 1.526 1.634 3.915 38.021 1.490 46.316 2.711 0.531
Pedestrian 0 0 1.151 216.383 203.320 230.036 239.623 1.760 0.660 0.932 -18.736 2.358 34.991 0.659 0.529
Car 0 0 1.743 1131.472 183.439 1183.523 208.792 1.526 1.634 3.915 32.985 1.400 43.435 2.392 0.522
Car 0 0 1.617 127.298 188.481 175.198 217.183 1.526 1.634 3.915 -24.370 1.594 38.366 1.051 0.390
Car 0 0 1.788 303.825 189.091 347.621 217.820 1.526 1.634 3.915 -15.078 1.626 38.330 1.412 0.372
Car 0 0 -1.547 636.570 180.823 669.931 216.899 1.526 1.634 3.915 1.848 1.100 30.525 -1.487 0.326
Car 0 0 2.040 918.509 184.308 943.628 202.668 1.526 1.634 3.915 26.726 1.715 59.979 2.459 0.325
Truck 0 0 -1.549 636.547 177.896 670.293 218.317 3.075 2.618 11.229 3.337 1.921 54.896 -1.489 0.320
Car 0 0 2.054 1221.618 186.726 1241.546 204.591 1.526 1.634 3.915 53.136 1.948 61.637 2.765 0.317
Car 0 0 1.604 49.642 207.015 81.642 226.959 1.526 1.634 3.915 -41.623 3.377 55.216 0.957 0.314
Car 0 0 1.895 679.500 175.716 711.484 192.819 1.526 1.634 3.915 7.668 1.018 64.384 2.013 0.309
Car 0 0 2.137 435.477 185.656 451.484 200.105 1.526 1.634 3.915 -17.542 2.115 76.213 1.910 0.290
Car 0 0 -1.625 341.138 184.382 373.841 212.356 1.526 1.634 3.915 -13.752 1.392 39.364 -1.962 0.282
Car 0 0 1.908 954.843 183.592 978.976 201.846 1.526 1.634 3.915 29.878 1.661 60.328 2.367 0.274
