Car 0 0 -3.052 618.954 177.780 756.536 230.229 1.526 1.634 3.915 2.275 0.906 20.996 -2.945 0.909
Pedestrian 0 0 2.093 266.499 160.599 299.524 251.145 1.760 0.660 0.932 -6.349 0.642 14.029 1.668 0.756
Pedestrian 0 0 -1.836 328.611 163.599 348.538 215.322 1.760 0.660 0.932 -9.223 0.565 24.559 -2.196 0.578
Pedestrian 0 0 0.392 119.585 152.974 143.263 235.552 1.760 0.660 0.932 -10.193 0.456 15.383 -0.194 0.510
Pedestrian 0 0 1.084 176.341 160.355 198.959 213.607 1.760 0.660 0.932 -13.948 0.467 23.854 0.554 0.480
Pedestrian 0 0 0.919 208.478 149.796 232.670 214.013 1.760 0.660 0.932 -10.664 0.248 19.781 0.424 0.477
Car 0 0 -1.524 1019.058 187.923 1065.138 219.369 1.526 1.634 3.915 20.993 1.494 35.019 -0.984 0.442
Car 0 0 -1.720 1057.738 186.829 1154.867 220.931 1.526 1.634 3.915 22.231 1.389 32.291 -1.117 0.440
Car 0 0 0.719 958.478 184.278 1064.994 221.820 1.526 1.634 3.915 16.350 1.228 29.332 1.226 0.386
Pedestrian 0 0 1.988 135.151 151.793 159.381 235.709 1.760 0.660 0.932 -9.699 0.438 15.137 1.418 0.319
Car 0 0 -1.060 1098.109 187.650 1201.701 223.292 1.526 1.634 3.915 23.138 1.397 30.896 -0.418 0.315
