Car 0 0 -2.123 866.021 194.007 1203.943 373.018 1.526 1.634 3.915 3.627 0.943 6.152 -1.591 0.944
Car 0 0 1.904 343.164 188.251 490.557 279.161 1.526 1.634 3.915 -3.235 1.022 12.113 1.642 0.851
Car 0 0 -1.909 777.815 189.875 912.681 285.448 1.526 1.634 3.915 3.764 1.035 11.522 -1.593 0.842
Pedestrian 0 0 2.428 928.598 151.850 972.746 203.310 1.760 0.660 0.932 11.670 0.162 24.684 2.869 0.791
Car 0 0 -1.681 730.452 181.744 804.197 245.913 1.526 1.634 3.915 3.752 0.975 17.161 -1.467 0.717
Car 0 0 1.642 463.682 185.407 519.380 248.266 1.526 1.634 3.915 -2.866 1.068 17.519 1.479 0.686
Car 0 0 1.854 552.386 181.219 605.475 214.799 1.526 1.634 3.915 -1.392 1.143 32.794 1.811 0.603
Car 0 0 1.904 800.672 169.772 837.317 191.282 1.526 1.634 3.915 14.860 0.544 51.196 2.185 0.558
Car 0 0 1.707 669.822 174.980 707.026 200.074 1.526 1.634 3.915 4.797 0.892 43.885 1.815 0.496
Car 0 0 1.776 511.535 179.120 549.584 215.858 1.526 1.634 3.915 -3.282 1.023 29.975 1.666 0.459
Car 0 0 1.973 858.108 158.477 899.810 192.545 1.526 1.634 3.915 12.068 0.119 32.323 2.329 0.436
Car 0 0 -1.597 712.044 178.692 751.278 225.885 1.526 1.634 3.915 3.949 0.952 23.334 -1.430 0.336
