Pedestrian 0 0 -1.663 693.126 178.058 727.466 285.167 1.760 0.660 0.932 1.656 0.966 11.860 -1.525 0.703
Pedestrian 0 0 2.124 754.857 175.023 781.396 255.482 1.760 0.660 0.932 3.470 0.928 15.788 2.340 0.685
Pedestrian 0 0 -1.358 437.817 172.905 469.751 253.269 1.760 0.660 0.932 -3.413 0.881 15.806 -1.571 0.673
Pedestrian 0 0 1.943 820.765 173.220 841.781 247.502 1.760 0.660 0.932 5.255 0.889 17.101 2.240 0.661
Pedestrian 0 0 -1.867 724.680 179.938 755.185 280.626 1.760 0.660 0.932 2.280 1.004 12.616 -1.689 0.652
Cyclist 0 0 -2.261 868.031 216.244 1024.578 372.179 1.739 0.571 1.833 3.756 1.354 8.049 -1.824 0.648
Car 0 0 1.635 563.528 181.364 601.828 210.617 1.526 1.634 3.915 -1.402 1.207 37.644 1.597 0.614
Pedestrian 0 0 -1.823 781.970 171.239 807.489 246.863 1.760 0.660 0.932 4.311 0.843 16.797 -1.572 0.610
Pedestrian 0 0 -1.029 39.409 227.589 144.817 371.772 1.760 0.660 0.932 -6.318 1.549 8.810 -1.651 0.569
Pedestrian 0 0 -1.628 0.134 232.847 53.799 309.831 1.760 0.660 0.932 -13.323 2.252 16.500 -2.308 0.565
Pedestrian 0 0 1.673 643.919 174.234 671.229 238.314 1.760 0.660 0.932 1.319 0.918 19.823 1.739 0.419
Cyclist 0 0 2.157 0.190 272.493 263.737 373.302 1.739 0.571 1.833 -8.241 2.589 12.450 1.571 0.388
Pedestrian 0 0 -2.193 393.299 174.558 428.116 257.115 1.760 0.660 0.932 -4.240 0.917 15.387 -2.463 0.307
Cyclist 0 0 1.668 357.062 203.458 421.181 256.478 1.739 0.571 1.833 -7.232 1.874 23.672 1.371 0.292
Cyclist 0 0 2.134 871.842 229.798 1025.592 372.123 1.739 0.571 1.833 4.145 1.566 8.818 2.572 0.285
Cyclist 0 0 2.041 180.184 207.373 269.568 275.422 1.739 0.571 1.833 -9.833 1.752 18.444 1.550 0.279
Pedestrian 0 0 -3.006 35.263 216.881 67.775 267.966 1.760 0.660 0.932 -19.232 2.398 24.866 -3.665 0.251
Pedestrian 0 0 -1.952 14.715 176.708 60.788 251.746 1.760 0.660 0.932 -13.415 0.971 16.928 -2.622 0.250
