Car 0 0 -1.616 523.603 175.623 736.088 370.728 1.526 1.634 3.915 0.159 0.785 5.644 -1.589 0.910
Car 0 0 -0.857 301.902 179.749 473.607 241.228 1.526 1.634 3.915 -5.506 0.934 17.912 -1.156 0.875
Car 0 0 -0.702 1002.623 166.202 1196.403 233.344 1.526 1.634 3.915 11.137 0.612 16.401 -0.106 0.873
Car 0 0 2.155 0.074 203.909 124.170 257.284 1.526 1.634 3.915 -15.653 1.651 20.631 1.506 0.832
Pedestrian 0 0 2.235 776.810 196.962 822.735 268.929 1.760 0.660 0.932 4.653 1.470 17.651 2.491 0.441
Car 0 0 -1.062 229.876 171.121 331.079 219.981 1.526 1.634 3.915 -10.279 0.709 22.538 -1.490 0.340
Car 0 0 2.350 954.287 174.597 1014.505 217.633 1.526 1.634 3.915 13.293 0.825 25.588 2.829 0.309
Truck 0 0 -2.341 229.623 170.529 333.929 219.759 3.066 2.614 10.894 -20.417 1.388 44.943 -2.768 0.284
Car 0 0 -0.864 695.280 186.897 781.823 247.937 1.513 1.628 3.404 3.196 1.104 17.879 -0.688 0.271
Car 0 0 1.925 179.839 191.021 203.543 203.853 1.526 1.634 3.915 -49.703 2.924 85.823 1.400 0.270
