Car 0 0 -1.960 315.222 199.866 437.891 261.937 1.526 1.634 3.915 -5.729 1.427 17.741 -2.273 0.858
Car 0 0 -2.283 451.845 170.424 704.977 310.352 1.526 1.634 3.915 -0.340 0.737 7.870 -2.327 0.826
Car 0 0 1.323 783.569 180.107 882.793 233.711 1.526 1.634 3.915 6.367 0.970 20.543 1.623 0.688
Car 0 0 -1.820 182.249 195.299 256.069 229.649 1.526 1.634 3.915 -17.346 1.760 32.058 -2.317 0.569
Car 0 0 1.632 138.408 186.923 168.675 208.521 1.526 1.634 3.915 -32.225 1.757 50.988 1.068 0.542
Car 0 0 1.225 0.126 192.542 17.576 220.290 1.526 1.634 3.915 -33.040 1.846 39.685 0.531 0.518
Car 0 0 1.141 702.943 177.605 768.318 222.425 1.526 1.634 3.915 4.293 0.925 24.570 1.313 0.498
Car 0 0 1.728 66.492 186.478 94.604 199.106 1.527 1.639 4.158 -63.948 2.410 87.221 1.095 0.436
Car 0 0 1.500 29.473 190.332 54.629 205.810 1.526 1.634 3.915 -55.959 2.487 71.147 0.834 0.425
Car 0 0 -0.123 860.113 171.565 996.047 207.531 1.526 1.634 3.915 13.516 0.708 30.618 0.293 0.392
Car 0 0 1.974 173.400 195.029 213.607 227.917 1.526 1.634 3.915 -19.307 1.792 33.484 1.451 0.332
Car 0 0 2.027 394.884 183.020 471.714 226.095 1.526 1.634 3.915 -6.245 1.123 25.564 1.787 0.282
