Car 0 0 2.204 0.542 220.315 224.108 375.000 1.526 1.634 3.915 -4.906 1.231 7.119 1.600 0.878
Car 0 0 2.096 211.686 205.245 346.619 297.559 1.526 1.634 3.915 -5.462 1.299 11.929 1.666 0.869
Car 0 0 1.895 340.026 194.923 427.391 251.308 1.526 1.634 3.915 -6.113 1.360 19.530 1.591 0.773
Car 0 0 2.565 943.358 143.286 1178.134 222.774 1.526 1.634 3.915 8.663 0.195 13.854 3.123 0.772
Car 0 0 -3.143 804.962 158.302 912.188 207.793 1.526 1.634 3.915 7.679 0.314 22.250 -2.811 0.677
Car 0 0 2.563 920.018 143.854 1037.864 215.812 1.526 1.634 3.915 7.834 0.148 15.303 3.035 0.642
Car 0 0 1.851 419.188 187.169 487.114 231.195 1.526 1.634 3.915 -5.422 1.259 25.012 1.637 0.623
Car 0 0 2.375 865.764 155.204 943.789 210.721 1.526 1.634 3.915 8.116 0.278 19.835 2.763 0.585
Car 0 0 -1.790 671.622 174.675 761.741 225.760 1.526 1.634 3.915 3.200 0.818 21.557 -1.643 0.559
Car 0 0 -1.920 589.741 170.790 620.443 191.820 1.526 1.634 3.915 -0.324 0.613 52.362 -1.926 0.425
Car 0 0 1.915 633.815 173.439 662.058 204.041 1.526 1.634 3.915 1.914 0.792 35.984 1.967 0.317
Car 0 0 1.898 498.603 182.845 541.455 211.203 1.526 1.634 3.915 -4.818 1.301 38.832 1.775 0.299
Car 0 0 1.403 640.317 174.649 682.244 206.537 1.526 1.634 3.905 2.475 0.849 34.528 1.474 0.257
