Car 0 0 1.965 0.000 212.164 159.382 368.275 1.526 1.634 3.915 -5.180 1.147 7.054 1.331 0.818
Car 0 0 -0.927 205.523 188.007 294.532 278.356 1.526 1.634 3.915 -6.073 1.019 12.188 -1.389 0.807
Car 0 0 0.555 256.892 190.548 406.506 263.795 1.526 1.634 3.915 -5.790 1.132 15.034 0.187 0.750
Car 0 0 -2.317 837.615 173.798 1242.000 374.256 1.526 1.634 3.915 3.276 0.770 5.493 -1.780 0.733
Car 0 0 2.179 391.450 175.899 478.905 224.352 1.526 1.634 3.915 -5.493 0.859 22.727 1.942 0.664
Car 0 0 -0.039 751.304 172.140 864.940 225.134 1.526 1.634 3.915 5.719 0.743 20.780 0.229 0.645
Car 0 0 2.093 1.309 158.841 217.549 305.253 1.526 1.634 3.915 -5.213 0.617 7.521 1.487 0.611
Car 0 0 1.523 501.553 173.768 551.940 201.263 1.526 1.634 3.915 -4.597 0.814 40.051 1.408 0.576
Car 0 0 0.457 317.472 177.514 452.746 245.185 1.526 1.634 3.915 -5.062 0.868 16.273 0.156 0.557
Car 0 0 -1.760 687.865 182.090 768.967 244.265 1.526 1.634 3.915 2.918 0.990 17.711 -1.597 0.532
Car 0 0 -1.743 629.462 172.636 663.351 198.064 1.526 1.634 3.915 2.212 0.750 43.307 -1.692 0.523
Car 0 0 -1.492 686.195 172.233 738.098 203.892 1.526 1.634 3.915 4.945 0.733 34.783 -1.351 0.402
Car 0 0 0.215 437.480 167.555 504.518 211.791 1.526 1.634 3.915 -4.781 0.580 24.894 0.024 0.355
Car 0 0 -1.688 619.646 169.059 643.958 193.449 1.526 1.634 3.915 1.392 0.526 45.149 -1.659 0.336
Car 0 0 1.435 552.937 172.309 582.695 192.868 1.526 1.634 3.915 -3.099 0.723 53.562 1.376 0.277
