Car 0 0 -1.060 945.078 152.300 1023.773 179.683 1.526 1.634 3.915 20.893 -0.382 40.215 -0.582 0.652
Car 0 0 1.499 645.281 170.791 680.835 192.708 1.526 1.634 3.915 3.725 0.619 50.244 1.573 0.593
Car 0 0 1.564 506.684 179.760 542.501 207.867 1.526 1.634 3.915 -4.614 1.138 39.179 1.446 0.580
Car 0 0 1.772 582.918 172.891 613.732 192.013 1.526 1.634 3.915 -0.897 0.766 57.588 1.756 0.570
Car 0 0 -3.210 701.308 164.121 816.985 208.260 1.526 1.634 3.915 5.172 0.461 24.949 -3.006 0.539
Car 0 0 -1.250 1071.235 148.773 1140.248 181.161 1.526 1.634 3.915 23.381 -0.372 34.000 -0.648 0.483
Car 0 0 -1.866 852.518 154.428 885.876 178.628 1.526 1.634 3.915 16.374 -0.399 45.504 -1.521 0.401
Car 0 0 -1.737 1133.945 144.796 1208.647 182.816 1.526 1.634 3.915 22.549 -0.363 28.963 -1.076 0.391
Car 0 0 1.755 540.970 177.032 566.231 196.457 1.529 1.669 5.549 -4.404 1.093 56.792 1.677 0.373
Car 0 0 2.286 1178.232 147.433 1241.631 189.117 1.526 1.634 3.915 21.981 -0.168 26.418 2.979 0.344
Car 0 0 1.769 923.676 143.817 976.083 177.838 1.526 1.634 3.915 15.267 -0.540 32.369 2.209 0.258
