Car 0 0 -2.064 773.764 182.822 1107.448 369.809 1.526 1.634 3.915 2.747 0.782 5.771 -1.621 0.910
Car 0 0 0.511 306.978 183.096 429.193 266.777 1.526 1.634 3.915 -4.304 0.810 12.895 0.188 0.789
Car 0 0 1.882 420.639 168.672 502.970 214.858 1.526 1.634 3.915 -4.701 0.372 23.364 1.683 0.597
Car 0 0 1.513 503.134 172.956 545.758 199.169 1.526 1.634 3.915 -4.637 0.324 41.166 1.400 0.585
Car 0 0 -1.873 166.757 172.179 324.134 276.734 1.526 1.634 3.915 -5.235 0.642 10.321 -2.342 0.569
Car 0 0 -2.248 713.255 178.887 787.461 213.011 1.526 1.634 3.915 6.542 0.691 31.622 -2.045 0.515
Car 0 0 -2.054 377.480 176.647 458.995 235.009 1.526 1.634 3.915 -4.860 0.662 18.489 -2.312 0.422
Car 0 0 -1.672 632.638 177.570 658.744 202.925 1.526 1.634 3.915 2.505 0.586 42.559 -1.614 0.402
Car 0 0 -1.549 609.138 175.569 650.032 200.739 1.526 1.634 3.915 1.546 0.464 42.871 -1.513 0.394
Car 0 0 -1.129 269.950 174.303 325.896 278.224 1.526 1.634 3.915 -4.496 0.672 10.384 -1.539 0.366
Truck 0 0 -1.061 0.556 179.202 274.231 366.572 2.990 2.579 8.028 -7.447 1.474 11.282 -1.645 0.354
