Pedestrian 0 0 0.223 1000.080 150.246 1126.356 347.837 1.760 0.660 0.932 4.042 0.679 6.429 0.784 0.877
Pedestrian 0 0 0.426 765.404 156.971 874.735 338.919 1.760 0.660 0.932 2.037 0.727 6.981 0.710 0.812
Pedestrian 0 0 1.482 256.839 152.107 277.269 207.308 1.760 0.660 0.932 -10.923 0.219 23.012 1.039 0.684
Pedestrian 0 0 0.876 535.653 156.933 582.559 272.635 1.760 0.660 0.932 -0.768 0.638 10.979 0.806 0.619
Pedestrian 0 0 1.188 223.795 157.615 243.484 208.450 1.760 0.660 0.932 -13.019 0.353 24.988 0.707 0.551
Pedestrian 0 0 0.989 631.794 153.603 694.112 282.124 1.760 0.660 0.932 0.731 0.617 9.884 1.062 0.488
Pedestrian 0 0 1.188 187.873 153.571 214.429 224.477 1.760 0.660 0.932 -10.140 0.401 17.915 0.673 0.465
Pedestrian 0 0 0.827 590.793 160.915 644.725 295.033 1.760 0.660 0.932 0.108 0.724 9.471 0.837 0.389
Car 0 0 2.271 1090.556 187.880 1199.641 223.561 1.526 1.634 3.915 22.907 1.406 30.863 2.910 0.295
Pedestrian 0 0 2.358 841.777 160.456 882.741 309.540 1.760 0.660 0.932 2.984 0.734 8.521 2.695 0.256
Pedestrian 0 0 2.290 865.094 148.313 899.218 286.044 1.760 0.660 0.932 3.484 0.567 9.223 2.651 0.253
