Car 0 0 2.136 0.199 186.521 205.545 373.480 1.526 1.634 3.915 -4.136 0.875 5.890 1.523 0.847
Car 0 0 2.003 192.529 187.012 358.749 282.154 1.526 1.634 3.915 -5.356 0.990 11.574 1.569 0.694
Car 0 0 1.710 485.486 180.505 538.768 217.636 1.526 1.634 3.915 -4.005 1.078 29.658 1.576 0.655
Car 0 0 1.247 1175.977 150.550 1241.226 187.931 1.526 1.634 3.915 24.458 -0.148 29.460 1.939 0.481
Car 0 0 1.827 386.006 184.513 449.822 231.838 1.526 1.634 3.915 -6.180 1.139 23.269 1.566 0.472
Car 0 0 -3.293 699.514 162.395 794.713 198.813 1.526 1.634 3.915 5.765 0.325 30.238 -3.104 0.453
Car 0 0 -1.392 630.712 172.847 661.270 197.007 1.526 1.634 3.915 2.301 0.763 45.579 -1.343 0.390
Car 0 0 -1.418 962.194 186.519 1007.759 208.157 1.526 1.634 3.915 26.479 1.727 50.891 -0.940 0.377
Car 0 0 1.997 602.430 172.353 630.179 186.765 1.526 1.634 3.915 0.714 0.710 76.408 2.006 0.304
Car 0 0 1.513 463.654 185.320 492.082 214.251 1.526 1.634 3.915 -6.947 1.421 38.064 1.331 0.300
