Car 0 0 2.212 0.138 189.277 278.105 374.855 1.526 1.634 3.915 -3.869 0.898 5.934 1.634 0.920
Car 0 0 2.023 244.618 183.555 410.800 302.284 1.526 1.634 3.915 -3.623 0.901 9.275 1.650 0.815
Car 0 0 1.961 400.839 191.747 473.033 260.914 1.526 1.634 3.915 -3.809 1.180 15.921 1.725 0.812
Car 0 0 1.799 444.187 183.386 509.921 238.496 1.526 1.634 3.915 -3.670 1.055 19.982 1.617 0.726
Car 0 0 -1.715 716.034 173.441 781.016 224.858 1.509 1.626 3.259 4.078 0.772 21.171 -1.526 0.713
Car 0 0 1.565 614.029 172.712 637.489 187.459 1.526 1.634 3.915 1.676 0.748 74.671 1.587 0.656
Car 0 0 1.797 563.967 175.783 608.607 199.088 1.523 1.636 3.938 -1.521 0.953 47.162 1.764 0.571
Car 0 0 -1.732 694.961 173.340 718.187 205.313 1.526 1.634 3.915 4.631 0.786 34.442 -1.599 0.361
Car 0 0 -3.025 73.739 174.447 188.414 198.035 1.526 1.634 3.915 -30.960 0.866 46.686 -3.611 0.347
Car 0 0 1.982 517.819 174.569 553.600 193.618 1.525 1.633 3.859 -5.911 0.900 57.751 1.879 0.309
