Car 0 0 0.678 0.000 189.182 239.829 358.927 1.526 1.634 3.915 -4.402 0.910 6.487 0.080 0.854
Car 0 0 -1.797 690.054 178.791 810.155 261.087 1.526 1.634 3.915 2.606 0.873 13.381 -1.605 0.798
Car 0 0 -2.614 10.975 172.093 330.065 272.606 1.526 1.634 3.915 -6.666 0.752 10.956 -3.161 0.657
Cyclist 0 0 0.875 877.936 202.297 1019.217 369.883 1.739 0.571 1.833 3.519 1.175 7.489 1.314 0.648
Car 0 0 -2.812 217.553 166.793 334.112 246.231 1.526 1.634 3.915 -6.412 0.647 13.862 -3.246 0.637
Pedestrian 0 0 2.372 880.098 199.518 981.133 329.916 1.760 0.660 0.932 4.335 1.240 9.742 2.790 0.595
Car 0 0 0.003 784.883 174.140 911.363 227.789 1.526 1.634 3.915 6.787 0.800 20.526 0.322 0.579
Car 0 0 1.544 625.997 169.630 653.712 188.998 1.526 1.634 3.915 2.387 0.509 56.857 1.585 0.462
Car 0 0 0.537 315.509 170.000 450.181 240.714 1.526 1.634 3.915 -4.893 0.702 15.573 0.232 0.460
Car 0 0 -1.799 433.713 173.187 481.709 209.390 1.526 1.634 3.915 -6.401 0.777 30.417 -2.007 0.408
Car 0 0 1.938 443.393 169.414 518.261 204.166 1.526 1.634 3.915 -5.653 0.612 31.687 1.760 0.406
Car 0 0 1.974 481.941 168.288 529.333 199.588 1.526 1.634 3.915 -5.067 0.540 35.182 1.830 0.370
Car 0 0 1.544 530.720 166.247 560.283 188.651 1.526 1.634 3.915 -4.364 0.313 49.153 1.454 0.344
Car 0 0 1.705 675.504 175.435 710.224 197.943 1.526 1.634 3.915 5.649 0.938 48.924 1.819 0.311
