Car 0 0 -0.719 1062.919 183.970 1241.531 372.049 1.526 1.634 3.915 4.404 0.853 5.855 -0.074 0.920
Car 0 0 -0.599 866.033 186.371 1012.735 288.862 1.526 1.634 3.915 4.911 0.964 10.744 -0.171 0.885
Car 0 0 -2.138 956.739 186.804 1122.511 327.192 1.526 1.634 3.915 4.675 0.915 7.844 -1.601 0.843
Car 0 0 -2.196 0.406 197.236 248.864 340.239 1.526 1.634 3.915 -5.175 1.023 7.701 -2.788 0.792
Car 0 0 -0.967 222.777 161.580 422.522 257.810 1.526 1.634 3.915 -4.550 0.584 11.443 -1.346 0.768
Car 0 0 2.093 397.018 177.777 502.840 234.870 1.526 1.634 3.915 -4.267 0.895 19.288 1.874 0.675
Car 0 0 -2.288 738.964 175.897 834.732 235.944 1.526 1.634 3.915 4.506 0.840 18.339 -2.048 0.631
Car 0 0 2.005 96.515 182.974 302.501 271.996 1.526 1.634 3.915 -7.030 0.937 12.370 1.487 0.625
Car 0 0 2.358 770.455 184.389 903.351 254.997 1.526 1.634 3.915 4.914 1.012 15.596 2.662 0.588
Car 0 0 -1.876 0.114 220.325 39.582 354.148 1.526 1.634 3.915 -6.725 1.304 8.229 -2.562 0.520
Car 0 0 -1.723 633.586 180.968 676.114 213.062 1.526 1.634 3.915 2.154 1.149 34.311 -1.661 0.442
Car 0 0 -2.478 437.150 179.144 501.259 207.189 1.526 1.634 3.915 -7.638 1.105 39.265 -2.671 0.374
Car 0 0 2.011 563.473 172.063 605.984 190.512 1.526 1.634 3.915 -2.054 0.698 59.689 1.976 0.291
