Car 0 0 -1.673 593.637 185.455 673.630 249.656 1.526 1.634 3.915 0.572 1.063 17.152 -1.640 0.829
Car 0 0 1.704 240.593 186.199 302.488 231.254 1.526 1.634 3.915 -11.450 1.215 24.441 1.266 0.767
Car 0 0 1.893 354.964 176.718 409.452 209.331 1.526 1.634 3.915 -10.640 0.944 33.766 1.587 0.678
Car 0 0 1.750 485.106 181.541 530.488 217.356 1.526 1.634 3.915 -4.336 1.133 30.747 1.609 0.581
Car 0 0 1.755 521.708 183.364 553.719 209.223 1.526 1.634 3.915 -4.240 1.383 42.585 1.655 0.461
Car 0 0 1.941 394.823 194.921 431.998 227.767 1.526 1.634 3.915 -9.114 1.788 33.526 1.675 0.418
Car 0 0 -1.704 680.434 165.879 741.597 225.089 1.526 1.634 3.915 2.615 0.583 18.598 -1.564 0.418
Pedestrian 0 0 2.049 888.640 181.280 925.908 245.475 1.760 0.660 0.932 8.165 1.111 19.787 2.440 0.308
Car 0 0 1.580 547.779 179.394 575.869 200.487 1.526 1.634 3.915 -3.454 1.236 52.208 1.513 0.280
Car 0 0 1.580 529.841 181.347 567.565 206.318 1.522 1.637 3.946 -3.710 1.279 43.983 1.495 0.280
Car 0 0 1.631 577.315 181.040 603.557 218.130 1.526 1.634 3.915 -0.787 1.100 29.690 1.604 0.279
Cyclist 0 0 2.114 855.422 186.725 930.814 251.682 1.739 0.571 1.833 7.593 1.241 19.321 2.488 0.254
Car 0 0 1.811 740.101 164.366 787.642 201.671 1.526 1.634 3.915 6.313 0.416 29.519 2.020 0.251
