Car 0 0 -2.324 0.250 186.597 293.025 372.501 1.526 1.634 3.915 -3.800 0.876 5.923 -2.895 0.942
Car 0 0 -2.001 871.211 202.266 1241.628 375.000 1.526 1.634 3.915 3.948 1.023 6.375 -1.447 0.938
Car 0 0 -2.053 304.088 178.844 437.938 255.465 1.526 1.634 3.915 -4.752 0.882 14.372 -2.373 0.885
Car 0 0 -1.602 585.159 178.656 645.510 225.499 1.526 1.634 3.915 0.188 0.952 23.508 -1.595 0.852
Car 0 0 1.239 416.994 180.772 485.196 242.667 1.526 1.634 3.915 -3.907 0.958 17.792 1.023 0.740
Car 0 0 -1.951 772.404 165.130 946.540 283.675 1.526 1.634 3.915 3.217 0.664 9.289 -1.618 0.703
Car 0 0 1.401 448.107 175.197 521.591 221.308 1.526 1.634 3.915 -4.128 0.841 23.881 1.229 0.464
Car 0 0 1.651 633.139 168.977 657.080 193.388 1.525 1.634 3.884 2.221 0.520 45.085 1.700 0.420
Car 0 0 1.625 540.062 167.340 579.471 198.984 1.526 1.634 3.915 -2.402 0.497 34.800 1.555 0.393
Pedestrian 0 0 1.360 704.206 166.527 724.229 220.979 1.760 0.660 0.932 3.384 0.676 23.328 1.504 0.311
Car 0 0 -1.196 163.954 178.190 274.294 222.236 1.526 1.634 3.915 -13.528 0.948 25.001 -1.692 0.296
