Car 0 0 -1.079 133.717 190.906 427.728 359.708 1.526 1.634 3.915 -2.924 0.857 6.393 -1.509 0.892
Car 0 0 1.606 461.036 170.063 491.710 195.176 1.526 1.634 3.915 -7.761 0.128 42.969 1.427 0.687
Pedestrian 0 0 0.061 400.465 155.508 446.765 272.690 1.760 0.660 0.932 -2.711 0.505 10.622 -0.190 0.684
Pedestrian 0 0 -1.650 630.714 156.693 661.135 244.456 1.760 0.660 0.932 0.839 0.403 14.183 -1.593 0.674
Pedestrian 0 0 -2.247 0.000 179.154 42.433 279.995 1.760 0.660 0.932 -10.176 0.857 12.344 -2.937 0.666
Pedestrian 0 0 -2.204 63.418 184.770 97.926 268.226 1.760 0.660 0.932 -11.041 0.970 14.915 -2.842 0.611
Car 0 0 2.092 1120.679 161.056 1187.928 196.729 1.526 1.634 3.915 23.540 -0.069 30.250 2.753 0.426
Pedestrian 0 0 2.291 181.024 172.428 205.553 206.427 1.760 0.660 0.932 -21.271 0.462 36.612 1.764 0.388
Pedestrian 0 0 -1.158 926.437 161.009 944.682 205.568 1.760 0.660 0.932 13.096 0.110 27.935 -0.720 0.375
Pedestrian 0 0 2.181 118.593 181.444 143.403 234.666 1.760 0.660 0.932 -15.649 0.911 23.388 1.591 0.343
Car 0 0 1.611 1119.590 163.982 1157.798 188.368 1.526 1.634 3.915 33.459 -0.271 44.250 2.258 0.340
