Car 0 0 -2.124 808.754 206.943 1184.174 375.000 1.526 1.634 3.915 3.514 1.073 6.553 -1.632 0.910
Car 0 0 0.653 0.000 161.875 258.531 354.764 1.526 1.634 3.915 -3.800 0.676 5.709 0.066 0.829
Car 0 0 2.319 0.168 196.108 62.654 372.962 1.511 1.627 3.342 -4.939 0.954 6.164 1.643 0.806
Car 0 0 0.527 383.079 175.350 474.094 226.919 1.526 1.634 3.915 -5.356 0.837 21.354 0.280 0.708
Car 0 0 2.099 84.525 158.653 296.175 279.199 1.526 1.634 3.915 -5.307 0.583 9.135 1.572 0.671
Car 0 0 -2.789 274.469 172.319 405.693 254.115 1.526 1.634 3.915 -5.028 0.753 13.463 -3.146 0.670
Car 0 0 -1.865 731.053 185.065 874.239 290.657 1.526 1.634 3.915 2.791 0.940 10.429 -1.604 0.653
Car 0 0 -1.769 665.645 183.249 729.277 227.770 1.526 1.634 3.915 3.013 1.119 24.734 -1.648 0.643
Car 0 0 1.639 641.849 172.654 686.037 208.170 1.526 1.634 3.915 2.337 0.754 31.005 1.712 0.557
Car 0 0 -2.884 424.343 169.398 515.513 211.511 1.526 1.634 3.915 -5.060 0.638 26.149 -3.076 0.519
