Car 0 0 -2.229 877.011 221.645 1241.744 371.569 1.526 1.634 3.915 4.635 1.182 7.198 -1.657 0.918
Car 0 0 -1.016 0.368 212.911 140.053 373.173 1.526 1.634 3.915 -5.084 1.072 6.733 -1.663 0.901
Car 0 0 -2.548 0.619 153.670 208.083 310.254 1.526 1.634 3.915 -4.871 0.502 6.891 -3.164 0.861
Car 0 0 -1.926 745.240 186.813 951.812 319.693 1.526 1.634 3.915 2.808 0.836 8.121 -1.593 0.835
Car 0 0 -2.569 195.176 169.602 376.837 262.309 1.526 1.634 3.915 -5.236 0.584 11.640 -2.992 0.804
Car 0 0 0.535 351.818 175.760 457.438 229.897 1.526 1.634 3.915 -5.623 0.629 19.933 0.260 0.748
Car 0 0 -1.696 648.875 171.851 692.067 209.790 1.526 1.634 3.915 2.671 0.415 28.443 -1.603 0.659
Car 0 0 -1.747 674.360 181.060 741.557 230.590 1.526 1.634 3.915 3.201 0.780 21.787 -1.602 0.652
Car 0 0 -1.160 194.493 200.435 309.033 302.287 1.526 1.634 3.915 -5.279 1.062 10.595 -1.624 0.634
Car 0 0 -2.912 408.726 164.924 507.430 213.440 1.526 1.634 3.915 -4.593 0.273 22.242 -3.115 0.575
Car 0 0 1.710 509.499 169.656 561.096 197.854 1.526 1.634 3.915 -3.723 0.176 38.268 1.613 0.311
Car 0 0 -1.797 463.210 167.825 510.800 209.749 1.526 1.634 3.915 -4.262 0.301 25.739 -1.961 0.302
Car 0 0 1.836 549.437 171.608 578.949 191.898 1.526 1.634 3.915 -3.000 0.094 53.183 1.780 0.277
