Car 0 0 -2.954 758.371 169.208 916.732 229.249 1.526 1.634 3.915 5.795 0.670 18.341 -2.648 0.870
Car 0 0 2.138 0.323 235.671 291.524 373.942 1.526 1.634 3.915 -5.117 1.456 7.964 1.566 0.870
Car 0 0 2.171 1057.883 275.869 1241.207 373.416 1.526 1.634 3.915 8.448 2.375 11.289 2.813 0.752
Car 0 0 -1.809 954.934 201.036 1198.526 360.642 1.526 1.634 3.915 4.467 1.033 6.899 -1.235 0.740
Car 0 0 2.107 1077.788 170.184 1174.151 214.900 1.526 1.634 3.915 17.626 0.672 24.627 2.727 0.655
Car 0 0 1.647 451.390 199.724 506.117 255.379 1.526 1.634 3.915 -3.587 1.500 19.786 1.466 0.642
Car 0 0 1.798 341.213 184.324 467.455 285.885 1.526 1.634 3.915 -3.084 0.935 10.843 1.520 0.595
Car 0 0 -1.916 942.657 184.789 1069.599 287.500 1.526 1.634 3.915 5.893 0.940 10.721 -1.413 0.560
Pedestrian 0 0 1.781 227.570 201.874 252.736 253.117 1.760 0.660 0.932 -12.691 1.877 24.789 1.308 0.474
Pedestrian 0 0 1.366 165.803 208.743 198.813 246.340 1.760 0.660 0.932 -20.007 2.561 33.787 0.831 0.314
