Car 0 0 2.231 0.000 221.436 203.515 375.000 1.526 1.634 3.915 -4.992 1.170 7.027 1.612 0.888
Car 0 0 2.033 162.630 188.764 377.620 327.714 1.526 1.634 3.915 -3.668 0.854 7.766 1.591 0.818
Car 0 0 -1.538 728.806 173.444 774.713 228.357 1.526 1.634 3.915 4.104 0.567 19.651 -1.333 0.728
Car 0 0 1.732 520.074 171.990 568.041 202.662 1.526 1.634 3.915 -2.987 0.339 35.182 1.647 0.699
Car 0 0 -1.876 752.355 161.442 907.847 262.953 1.526 1.634 3.915 3.398 0.476 10.630 -1.566 0.664
Car 0 0 -1.779 686.037 168.568 727.828 203.131 1.526 1.634 3.915 4.542 0.236 31.221 -1.636 0.515
Car 0 0 1.838 588.348 171.468 616.217 185.669 1.526 1.634 3.915 -0.193 -0.208 75.982 1.835 0.463
Car 0 0 1.640 619.496 168.185 656.188 183.253 1.526 1.634 3.915 3.420 -0.485 71.616 1.687 0.451
Truck 0 0 -1.874 752.637 161.973 908.340 263.837 3.075 2.618 11.229 6.835 0.978 21.346 -1.565 0.425
Car 0 0 1.938 705.907 170.406 730.481 208.424 1.526 1.634 3.915 4.581 0.358 28.384 2.098 0.320
