Car 0 0 -1.969 739.935 207.465 956.308 352.778 1.526 1.634 3.915 2.563 1.046 7.426 -1.636 0.842
Car 0 0 -1.793 675.381 197.707 776.952 279.395 1.526 1.634 3.915 2.281 1.084 13.210 -1.622 0.776
Car 0 0 -2.141 972.845 290.328 1241.034 371.476 1.526 1.634 3.915 9.457 2.829 13.298 -1.524 0.637
Car 0 0 1.868 319.674 191.811 501.540 316.041 1.526 1.634 3.915 -2.377 0.902 8.686 1.601 0.626
Car 0 0 1.814 600.864 185.711 640.656 204.756 1.493 1.658 4.364 1.308 1.155 55.430 1.837 0.486
Car 0 0 1.780 668.229 194.255 714.176 244.974 1.526 1.634 3.915 2.622 1.177 21.276 1.903 0.418
Car 0 0 1.481 640.291 188.006 670.488 231.893 1.526 1.634 3.915 1.784 1.024 24.588 1.553 0.378
Car 0 0 1.627 498.030 193.682 538.369 243.708 1.526 1.634 3.915 -2.620 1.165 21.571 1.506 0.333
Car 0 0 1.624 531.499 188.097 557.942 218.495 1.526 1.634 3.915 -2.980 1.144 35.498 1.539 0.319
Car 0 0 1.700 574.750 186.209 592.524 209.409 1.526 1.634 3.915 -1.345 1.138 46.513 1.670 0.270
