Car 0 0 0.569 238.313 179.618 398.666 262.436 1.526 1.634 3.915 -5.364 0.888 13.297 0.185 0.824
Car 0 0 -2.331 871.965 238.261 1241.522 371.982 1.526 1.634 3.915 5.104 1.510 8.235 -1.777 0.802
Car 0 0 -1.830 716.194 188.582 859.885 275.113 1.526 1.634 3.915 3.148 1.040 12.726 -1.588 0.786
Car 0 0 -2.402 1.681 176.307 159.899 325.807 1.526 1.634 3.915 -5.398 0.798 7.366 -3.035 0.773
Car 0 0 -1.220 0.119 187.695 81.377 372.707 1.526 1.634 3.915 -4.692 0.886 5.952 -1.888 0.763
Car 0 0 0.523 121.157 184.182 363.188 303.724 1.526 1.634 3.915 -4.690 0.908 9.212 0.052 0.748
Car 0 0 1.660 524.589 174.724 573.909 217.474 1.526 1.634 3.915 -2.153 0.830 25.759 1.577 0.693
Car 0 0 1.964 450.185 174.115 524.857 206.492 1.525 1.635 3.921 -5.750 0.822 33.994 1.796 0.677
Car 0 0 -2.570 341.796 175.026 454.107 238.270 1.526 1.634 3.915 -5.106 0.816 17.412 -2.856 0.631
Car 0 0 -1.750 654.057 172.379 705.335 212.036 1.526 1.634 3.915 2.699 0.745 27.768 -1.654 0.553
Car 0 0 1.452 626.356 167.510 650.854 188.697 1.526 1.634 3.915 2.092 0.378 51.974 1.491 0.370
