Pedestrian 0 0 2.462 1103.696 155.834 1185.291 318.890 1.760 0.660 0.932 5.776 0.696 7.790 3.099 0.838
Pedestrian 0 0 -1.924 240.654 167.740 283.807 277.968 1.760 0.660 0.932 -5.547 0.799 11.524 -2.373 0.801
Pedestrian 0 0 -1.929 808.074 158.912 863.729 309.470 1.760 0.660 0.932 2.647 0.717 8.437 -1.626 0.793
Pedestrian 0 0 -1.960 721.914 170.060 771.251 315.437 1.760 0.660 0.932 1.659 0.846 8.738 -1.773 0.768
Pedestrian 0 0 1.068 356.750 168.612 396.934 269.703 1.760 0.660 0.932 -4.053 0.806 12.566 0.755 0.620
Car 0 0 1.492 523.559 151.912 568.938 202.895 1.526 1.634 3.903 -1.895 0.136 21.595 1.404 0.617
Pedestrian 0 0 1.897 777.240 157.975 812.490 264.127 1.760 0.660 0.932 3.073 0.633 11.966 2.147 0.588
Car 0 0 2.005 393.720 160.118 494.284 227.543 1.526 1.634 3.915 -3.747 0.475 16.332 1.780 0.531
Pedestrian 0 0 1.803 327.951 170.651 356.182 240.559 1.760 0.660 0.932 -6.736 0.825 18.171 1.448 0.516
Pedestrian 0 0 2.229 1082.071 149.974 1132.125 295.559 1.760 0.660 0.932 6.017 0.604 8.725 2.833 0.466
Pedestrian 0 0 -1.849 620.740 169.607 646.044 235.306 1.760 0.660 0.932 0.639 0.793 19.335 -1.816 0.420
Car 0 0 1.577 470.758 159.860 502.923 209.569 1.526 1.634 3.915 -3.768 0.364 22.153 1.407 0.327
