Car 0 0 -2.651 1.223 200.711 308.159 321.848 1.526 1.634 3.915 -5.731 1.114 9.091 -3.214 0.868
Car 0 0 0.550 148.848 184.318 387.835 286.784 1.526 1.634 3.915 -5.082 0.934 10.747 0.108 0.814
Car 0 0 -1.804 714.854 192.008 828.015 276.095 1.526 1.634 3.915 2.938 1.111 13.096 -1.584 0.796
Car 0 0 -0.109 775.173 175.321 948.404 244.622 1.526 1.634 3.915 5.555 0.817 15.890 0.226 0.790
Car 0 0 0.538 330.221 181.389 438.548 251.901 1.526 1.634 3.915 -4.874 0.948 15.617 0.235 0.782
Car 0 0 2.145 0.212 232.755 69.756 360.204 1.520 1.631 3.667 -6.851 1.474 8.603 1.472 0.636
Car 0 0 -1.059 699.627 177.129 758.160 213.870 1.526 1.634 3.915 4.957 0.941 29.972 -0.896 0.523
Car 0 0 -2.598 401.661 180.232 462.508 226.805 1.526 1.634 3.915 -5.816 1.005 23.645 -2.839 0.484
Car 0 0 1.873 485.619 180.010 541.697 215.200 1.526 1.634 3.915 -4.159 1.073 31.292 1.740 0.447
Car 0 0 1.872 444.237 175.826 504.817 218.700 1.526 1.634 3.915 -4.807 0.869 25.685 1.687 0.405
Car 0 0 -1.698 637.079 179.699 665.131 201.671 1.526 1.634 3.915 2.886 1.239 50.120 -1.640 0.302
Car 0 0 -1.438 707.175 183.653 758.773 256.312 1.526 1.634 3.915 2.592 0.990 15.156 -1.269 0.276
