Car 0 0 -0.795 129.430 187.786 386.724 289.660 1.526 1.634 3.915 -5.266 0.987 10.809 -1.249 0.893
Car 0 0 -1.489 699.478 165.549 745.497 202.831 1.526 1.634 3.915 4.623 0.464 29.537 -1.334 0.801
Car 0 0 -0.968 439.059 160.963 619.425 271.806 1.526 1.634 3.915 -1.106 0.599 9.935 -1.080 0.795
Car 0 0 1.753 405.175 187.612 447.415 220.245 1.526 1.634 3.915 -8.571 1.453 33.745 1.504 0.594
Car 0 0 1.453 1102.907 157.263 1140.937 178.670 1.526 1.634 3.915 36.528 -0.348 51.441 2.069 0.444
Car 0 0 2.165 1037.105 157.906 1086.641 178.113 1.526 1.634 3.915 34.162 -0.366 54.496 2.724 0.442
Car 0 0 2.006 891.726 155.829 917.084 172.420 1.526 1.634 3.915 27.122 -0.803 66.373 2.393 0.344
Car 0 0 -1.702 1204.336 153.445 1240.978 173.798 1.526 1.634 3.915 45.974 -0.692 54.105 -0.999 0.329
Car 0 0 1.630 1136.504 155.626 1175.563 176.552 1.526 1.634 3.915 39.856 -0.493 52.624 2.278 0.284
Car 0 0 1.642 1169.894 154.734 1206.219 175.504 1.526 1.634 3.915 42.508 -0.568 53.019 2.317 0.264
