Pedestrian 0 0 0.925 722.294 149.883 764.831 246.922 1.760 0.660 0.932 2.431 0.464 13.090 1.108 0.798
Cyclist 0 0 2.216 361.613 180.273 480.592 275.598 1.739 0.571 1.833 -3.439 1.005 13.166 1.961 0.553
Pedestrian 0 0 1.445 563.128 163.617 590.107 251.936 1.760 0.660 0.932 -0.657 0.696 14.383 1.398 0.523
Pedestrian 0 0 -1.944 530.021 141.486 556.903 221.433 1.760 0.660 0.932 -1.456 0.190 15.889 -2.036 0.505
Truck 0 0 -1.365 0.490 99.139 265.909 362.648 3.075 2.618 11.229 -5.559 0.677 8.421 -1.949 0.486
Pedestrian 0 0 1.088 594.778 159.936 625.221 252.013 1.760 0.660 0.932 0.008 0.633 13.796 1.087 0.485
Cyclist 0 0 1.254 256.130 198.118 327.223 302.991 1.739 0.571 1.833 -5.272 1.289 11.967 0.839 0.439
Cyclist 0 0 -0.217 291.245 207.629 409.487 296.966 1.739 0.571 1.833 -5.047 1.547 14.049 -0.562 0.387
Pedestrian 0 0 -1.416 651.867 143.328 672.123 201.664 1.760 0.660 0.932 1.582 -0.011 21.775 -1.345 0.327
Pedestrian 0 0 -0.968 286.101 144.601 318.241 193.321 1.760 0.660 0.932 -11.108 -0.141 26.073 -1.371 0.259
Pedestrian 0 0 1.920 445.638 140.533 472.253 204.317 1.760 0.660 0.932 -4.157 -0.012 19.915 1.713 0.252
