Car 0 0 1.882 219.497 195.685 456.702 349.359 1.526 1.634 3.915 -2.696 0.990 7.166 1.522 0.913
Car 0 0 -0.225 697.465 178.374 929.788 259.362 1.526 1.634 3.915 3.846 0.867 13.597 0.050 0.806
Car 0 0 -1.623 635.186 176.367 708.617 218.601 1.526 1.634 3.915 2.253 0.890 26.073 -1.538 0.714
Car 0 0 1.759 446.196 189.147 519.017 259.612 1.526 1.634 3.915 -2.750 1.116 15.628 1.584 0.671
Car 0 0 -1.615 613.632 179.330 639.798 203.198 1.526 1.634 3.915 1.097 1.177 46.137 -1.592 0.522
Cyclist 0 0 -2.713 883.492 201.697 1059.324 300.972 1.739 0.571 1.833 6.340 1.375 12.642 -2.248 0.512
Car 0 0 1.980 212.340 206.286 304.264 282.061 1.526 1.634 3.915 -7.075 1.436 14.533 1.526 0.492
Truck 0 0 1.721 482.174 159.339 553.737 227.069 3.176 2.608 11.923 -4.295 0.954 33.830 1.593 0.479
Car 0 0 1.638 483.584 159.234 552.995 227.678 1.640 1.622 4.704 -2.187 0.494 17.289 1.512 0.445
Cyclist 0 0 -2.069 1032.848 190.000 1241.221 369.012 1.739 0.571 1.833 5.125 1.036 7.011 -1.438 0.426
Truck 0 0 -1.401 0.000 125.902 228.273 368.539 3.075 2.618 11.229 -6.279 0.943 9.145 -2.003 0.383
