Car 0 0 0.606 132.537 185.713 288.366 274.033 1.526 1.634 3.915 -6.897 0.985 12.468 0.100 0.887
Car 0 0 2.690 849.627 163.488 1151.256 280.933 1.526 1.634 3.915 5.079 0.641 9.376 3.186 0.882
Car 0 0 0.665 0.000 163.200 242.040 324.178 1.526 1.634 3.915 -4.632 0.672 6.841 0.069 0.873
Car 0 0 -2.537 269.561 181.043 437.212 240.345 1.526 1.634 3.915 -6.593 0.974 18.569 -2.879 0.755
Car 0 0 1.782 415.382 172.247 492.763 224.061 1.526 1.634 3.915 -4.580 0.745 21.253 1.569 0.706
Truck 0 0 -1.780 656.943 143.605 752.135 234.090 3.075 2.618 11.229 3.228 0.544 24.523 -1.650 0.604
Car 0 0 1.694 635.542 153.276 674.597 206.012 1.526 1.634 3.915 1.317 0.197 20.881 1.757 0.542
Car 0 0 1.815 532.156 168.139 568.709 195.038 1.526 1.634 3.915 -3.355 0.496 40.938 1.733 0.381
Car 0 0 1.693 488.949 175.811 531.507 203.742 1.526 1.634 3.915 -5.428 0.925 39.426 1.556 0.305
Car 0 0 1.559 586.353 168.227 611.895 185.285 1.526 1.634 3.915 -0.934 0.349 64.555 1.544 0.302
Car 0 0 1.815 550.570 169.066 577.156 190.068 1.526 1.634 3.915 -3.321 0.488 52.435 1.751 0.287
