Car 0 0 -1.933 825.769 196.025 1112.564 343.899 1.526 1.634 3.915 3.711 1.002 7.447 -1.471 0.917
Car 0 0 1.973 265.826 191.475 429.405 286.495 1.526 1.634 3.915 -4.207 1.062 11.589 1.624 0.891
Car 0 0 -2.219 1054.854 235.767 1241.327 370.456 1.526 1.634 3.915 6.102 1.476 8.176 -1.578 0.885
Car 0 0 -1.862 755.650 186.425 870.570 265.236 1.526 1.634 3.915 3.942 1.026 13.973 -1.588 0.772
Car 0 0 1.730 521.954 181.640 560.241 205.818 1.526 1.634 3.915 -4.322 1.318 45.546 1.636 0.743
Car 0 0 1.734 407.787 188.084 479.576 245.778 1.526 1.634 3.915 -4.388 1.166 19.087 1.507 0.678
Car 0 0 -1.754 720.794 181.171 778.366 240.596 1.526 1.634 3.915 3.596 0.977 18.531 -1.563 0.613
Car 0 0 1.825 473.823 185.443 512.350 226.857 1.526 1.634 3.915 -4.292 1.227 26.590 1.665 0.472
Car 0 0 -1.835 692.597 179.428 731.320 225.573 1.526 1.634 3.915 3.387 0.980 23.863 -1.695 0.425
Car 0 0 1.758 610.318 177.385 647.474 192.534 1.526 1.634 3.915 1.948 1.220 72.691 1.783 0.381
