Car 0 0 -2.681 338.021 180.325 465.407 236.339 1.526 1.634 3.915 -5.663 0.967 19.659 -2.962 0.801
Car 0 0 -1.845 730.620 182.257 832.397 257.938 1.526 1.634 3.915 3.468 0.953 14.551 -1.612 0.674
Car 0 0 1.551 476.502 178.503 522.877 219.340 1.526 1.634 3.915 -4.106 0.974 26.965 1.399 0.555
Car 0 0 1.737 566.667 168.775 606.815 193.908 1.526 1.634 3.915 -1.386 0.515 43.815 1.704 0.515
Car 0 0 -1.676 681.658 177.820 718.295 212.369 1.526 1.634 3.915 3.994 0.982 31.873 -1.553 0.450
Car 0 0 -1.786 706.523 179.058 755.723 237.009 1.526 1.634 3.915 3.202 0.926 19.003 -1.620 0.437
Car 0 0 -1.535 515.355 174.954 562.639 209.460 1.526 1.634 3.915 -3.121 0.856 31.913 -1.634 0.427
Car 0 0 -1.677 649.928 164.124 684.107 195.103 1.526 1.634 3.915 2.831 0.333 35.547 -1.598 0.413
Car 0 0 1.849 443.825 180.466 500.966 222.197 1.526 1.634 3.915 -5.016 1.041 26.388 1.660 0.412
Car 0 0 0.497 222.126 190.339 412.201 274.430 1.526 1.634 3.915 -5.307 1.080 13.095 0.112 0.394
Car 0 0 1.891 559.676 172.723 590.591 193.354 1.526 1.634 3.915 -2.547 0.753 53.375 1.843 0.322
Truck 0 0 -0.961 0.509 181.758 406.187 322.719 3.075 2.618 11.229 -8.862 1.732 15.742 -1.474 0.287
Car 0 0 1.635 620.065 171.251 642.629 186.384 1.526 1.634 3.915 2.197 0.601 72.769 1.665 0.264
