Car 0 0 1.681 551.344 181.947 589.801 209.853 1.526 1.634 3.915 -2.132 1.260 39.462 1.626 0.734
Pedestrian 0 0 -1.700 662.387 171.204 698.446 272.466 1.760 0.660 0.932 1.232 0.852 12.544 -1.603 0.730
Pedestrian 0 0 -1.059 441.190 177.283 464.880 247.855 1.760 0.660 0.932 -3.905 0.991 18.000 -1.272 0.706
Pedestrian 0 0 -1.629 699.450 176.067 731.404 271.204 1.760 0.660 0.932 1.959 0.940 13.352 -1.484 0.655
Pedestrian 0 0 -2.414 0.187 287.126 64.300 372.733 1.760 0.660 0.932 -11.872 3.230 14.838 -3.089 0.628
Cyclist 0 0 -2.367 814.041 206.857 919.482 353.786 1.739 0.571 1.833 3.045 1.272 8.542 -2.026 0.624
Pedestrian 0 0 2.023 26.371 246.761 140.314 374.000 1.760 0.660 0.932 -7.281 1.903 9.983 1.393 0.588
Pedestrian 0 0 -1.856 734.664 170.081 762.071 244.787 1.760 0.660 0.932 3.271 0.815 17.004 -1.666 0.463
Pedestrian 0 0 1.415 404.724 179.593 428.010 250.598 1.760 0.660 0.932 -4.790 1.047 17.890 1.152 0.426
Pedestrian 0 0 -2.061 84.314 193.012 133.690 291.865 1.760 0.660 0.932 -8.915 1.239 12.850 -2.668 0.418
Pedestrian 0 0 1.367 777.740 174.554 798.973 237.376 1.760 0.660 0.932 5.011 0.928 20.220 1.610 0.392
Pedestrian 0 0 1.832 728.363 171.086 749.292 244.983 1.760 0.660 0.932 3.080 0.838 17.190 2.008 0.383
Pedestrian 0 0 0.860 125.493 222.875 201.036 341.037 1.760 0.660 0.932 -6.649 1.626 10.750 0.306 0.366
