Car 0 0 -2.154 806.364 179.450 1238.047 373.291 1.526 1.634 3.915 3.249 0.815 5.681 -1.635 0.841
Car 0 0 -1.003 0.069 186.871 217.732 368.882 1.526 1.634 3.915 -4.198 0.881 6.050 -1.611 0.820
Car 0 0 2.098 248.028 192.215 319.772 271.869 1.526 1.634 3.915 -6.240 1.134 13.825 1.673 0.739
Car 0 0 -2.600 287.365 188.860 422.026 257.575 1.526 1.634 3.915 -5.661 1.119 16.026 -2.940 0.736
Car 0 0 -1.714 684.397 177.084 756.886 240.917 1.526 1.634 3.915 2.656 0.864 17.252 -1.562 0.664
Car 0 0 2.214 407.861 176.893 485.304 222.281 1.526 1.634 3.915 -5.480 0.899 24.262 1.991 0.656
Car 0 0 -0.904 341.199 178.414 459.647 243.712 1.526 1.634 3.915 -4.888 0.893 16.864 -1.186 0.638
Car 0 0 -0.076 744.675 173.235 852.894 224.068 1.526 1.634 3.915 5.681 0.775 21.663 0.179 0.618
Car 0 0 1.538 630.701 172.974 661.866 199.720 1.526 1.634 3.915 2.096 0.770 41.172 1.589 0.482
Car 0 0 -1.648 501.881 175.037 553.063 206.514 1.526 1.634 3.915 -3.980 0.869 34.984 -1.762 0.465
Car 0 0 -2.577 0.771 162.131 259.152 287.363 1.526 1.634 3.915 -5.845 0.632 8.793 -3.164 0.348
Car 0 0 0.101 447.869 173.245 505.945 211.268 1.526 1.634 3.915 -5.324 0.779 28.961 -0.082 0.329
Car 0 0 -1.980 0.120 303.540 26.497 374.084 1.526 1.634 3.915 -12.900 3.590 15.610 -2.671 0.304
Car 0 0 1.638 613.357 168.706 637.291 192.490 1.526 1.634 3.915 1.012 0.497 46.300 1.660 0.266
