Car 0 0 -1.206 210.859 213.230 405.551 329.734 1.526 1.634 3.915 -3.876 1.192 9.262 -1.602 0.863
Car 0 0 -1.790 697.682 183.460 806.546 264.729 1.526 1.634 3.915 2.780 0.819 13.278 -1.584 0.855
Car 0 0 -2.138 863.807 192.591 1241.810 373.318 1.526 1.634 3.915 3.789 0.865 5.971 -1.573 0.852
Car 0 0 -1.671 390.269 186.377 489.610 250.966 1.526 1.634 3.915 -3.879 0.902 16.707 -1.901 0.717
Car 0 0 1.822 653.804 179.209 699.126 217.129 1.526 1.634 3.915 2.913 0.711 28.457 1.924 0.653
Car 0 0 1.713 483.268 182.114 526.791 223.322 1.526 1.634 3.915 -3.668 0.823 26.186 1.573 0.620
Car 0 0 1.643 526.264 182.344 550.865 207.113 1.526 1.634 3.915 -4.037 0.876 43.565 1.550 0.561
Car 0 0 1.776 529.735 182.294 572.902 205.570 1.526 1.634 3.915 -3.460 0.880 46.362 1.701 0.443
Car 0 0 1.686 548.127 183.752 574.269 202.228 1.526 1.634 3.915 -3.542 1.031 58.404 1.625 0.432
Car 0 0 -1.666 446.077 184.078 490.791 244.665 1.526 1.634 3.915 -3.417 0.853 17.811 -1.856 0.349
Car 0 0 1.451 581.528 185.940 616.201 202.129 1.526 1.634 3.915 -0.492 1.275 66.653 1.443 0.312
