Car 0 0 -0.802 215.124 189.079 365.491 246.996 1.526 1.634 3.915 -8.413 1.191 19.013 -1.219 0.857
Car 0 0 2.269 350.306 173.337 436.606 210.975 1.526 1.634 3.915 -8.763 0.783 29.258 1.978 0.776
Car 0 0 2.270 0.121 187.355 90.164 242.419 1.526 1.634 3.915 -15.644 1.165 19.998 1.606 0.750
Car 0 0 -1.047 456.575 175.849 541.261 217.779 1.526 1.634 3.915 -4.027 0.872 26.263 -1.200 0.680
Car 0 0 1.814 518.334 168.651 573.258 201.009 1.526 1.634 3.915 -3.007 0.565 34.032 1.725 0.598
Car 0 0 1.830 1099.147 155.985 1141.593 171.266 1.526 1.634 3.915 51.017 -0.922 72.064 2.445 0.452
Car 0 0 -1.576 696.813 169.501 721.663 188.606 1.526 1.634 3.915 7.963 0.495 57.640 -1.439 0.417
Car 0 0 -1.040 575.061 174.693 629.430 201.720 1.526 1.634 3.915 -0.413 0.867 40.744 -1.051 0.407
Car 0 0 1.814 1033.846 157.646 1062.556 172.645 1.526 1.634 3.915 44.633 -0.784 73.418 2.360 0.371
Car 0 0 1.977 1182.599 153.598 1220.444 170.952 1.526 1.634 3.915 52.059 -0.930 63.454 2.664 0.362
Car 0 0 -1.714 570.179 173.016 600.903 199.693 1.434 1.689 4.626 -1.291 0.726 38.790 -1.748 0.343
Car 0 0 1.258 430.252 179.103 462.387 202.557 1.526 1.634 3.915 -10.622 1.170 46.951 1.035 0.339
Car 0 0 2.020 1075.507 154.750 1125.498 171.533 1.526 1.634 3.915 44.644 -0.883 65.614 2.617 0.318
Car 0 0 -1.390 601.513 173.192 629.873 198.401 1.526 1.634 3.915 0.371 0.784 43.684 -1.382 0.281
Car 0 0 1.802 975.318 158.855 997.284 173.262 1.505 1.647 4.080 39.349 -0.710 75.361 2.283 0.272
Car 0 0 1.775 1066.195 155.729 1095.015 171.460 1.526 1.634 3.915 45.700 -0.898 70.002 2.353 0.270
