Car 0 0 -2.313 977.428 197.717 1240.711 371.703 1.526 1.634 3.915 4.382 0.981 6.329 -1.708 0.907
Car 0 0 -1.918 809.581 193.716 1040.391 322.226 1.526 1.634 3.915 3.746 1.011 8.569 -1.507 0.888
Car 0 0 1.952 295.476 190.518 443.651 275.537 1.526 1.634 3.915 -4.308 1.080 12.953 1.630 0.876
Car 0 0 -1.763 746.524 184.717 850.627 259.177 1.526 1.634 3.915 3.874 1.006 14.789 -1.507 0.729
Car 0 0 1.772 526.594 184.944 565.734 205.743 1.526 1.634 3.915 -4.652 1.650 52.945 1.684 0.691
Car 0 0 -1.698 716.672 180.905 772.142 237.489 1.526 1.634 3.915 3.637 0.980 19.461 -1.514 0.652
Car 0 0 1.867 616.830 176.993 658.646 193.295 1.526 1.634 3.915 2.638 1.151 67.549 1.905 0.554
Car 0 0 -1.774 678.482 178.935 729.275 220.822 1.526 1.634 3.915 3.437 0.985 26.290 -1.645 0.522
Car 0 0 1.798 483.765 185.746 515.538 225.470 1.526 1.634 3.915 -4.223 1.258 27.721 1.646 0.516
Car 0 0 1.489 424.886 189.186 472.970 242.156 1.526 1.634 3.915 -4.628 1.234 20.789 1.268 0.474
Car 0 0 1.614 463.669 188.051 506.185 234.957 1.526 1.634 3.915 -4.055 1.258 23.477 1.442 0.269
