Car 0 0 2.044 40.376 209.221 296.876 337.121 1.526 1.634 3.915 -5.196 1.106 8.437 1.491 0.922
Car 0 0 1.970 276.967 197.814 382.664 281.912 1.526 1.634 3.915 -4.977 1.077 12.831 1.599 0.808
Car 0 0 1.766 378.203 193.055 498.887 274.211 1.526 1.634 3.915 -3.113 0.999 13.296 1.535 0.797
Car 0 0 2.364 1118.060 154.100 1241.666 256.329 1.526 1.634 3.915 8.596 0.369 10.556 3.047 0.761
Car 0 0 1.615 470.345 172.781 539.550 235.798 1.526 1.634 3.915 -2.401 0.576 17.124 1.474 0.715
Cyclist 0 0 2.173 820.972 211.772 938.849 287.399 1.739 0.571 1.833 6.344 1.589 16.262 2.544 0.680
Car 0 0 1.874 633.203 178.647 690.071 210.953 1.523 1.633 3.786 2.713 0.674 33.327 1.954 0.555
Pedestrian 0 0 2.341 853.724 186.541 902.810 279.175 1.760 0.660 0.932 5.211 0.995 13.437 2.710 0.515
Car 0 0 1.691 558.104 174.473 580.370 196.025 1.526 1.634 3.915 -2.467 0.336 50.068 1.642 0.408
Car 0 0 1.615 615.217 179.971 643.373 205.103 1.526 1.634 3.915 1.531 0.731 42.936 1.650 0.358
Car 0 0 -1.776 604.758 174.726 630.926 199.497 1.526 1.634 3.915 0.848 0.407 43.562 -1.758 0.333
Pedestrian 0 0 -1.388 917.473 155.335 936.627 216.705 1.760 0.660 0.932 9.265 0.158 20.283 -0.960 0.322
Cyclist 0 0 1.156 672.241 189.656 732.307 253.117 1.739 0.571 1.833 2.691 1.121 19.380 1.294 0.275
