Pedestrian 0 0 -2.159 616.601 168.624 658.194 292.182 1.760 0.660 0.932 0.397 0.820 10.281 -2.121 0.843
Pedestrian 0 0 -2.038 676.068 166.335 727.713 291.811 1.760 0.660 0.932 1.295 0.789 10.124 -1.912 0.771
Pedestrian 0 0 -1.615 261.575 170.605 316.932 308.832 1.760 0.660 0.932 -4.079 0.852 9.190 -2.033 0.675
Pedestrian 0 0 1.591 474.918 168.465 506.697 252.964 1.760 0.660 0.932 -2.474 0.789 15.033 1.426 0.579
Cyclist 0 0 2.107 711.393 205.444 802.051 276.731 1.739 0.571 1.833 3.591 1.665 17.606 2.307 0.510
Pedestrian 0 0 -1.912 361.120 167.119 413.092 287.343 1.760 0.660 0.932 -3.257 0.796 10.566 -2.211 0.490
Cyclist 0 0 1.491 359.059 215.342 407.159 317.206 1.739 0.571 1.833 -3.867 1.595 12.321 1.187 0.456
Pedestrian 0 0 -1.697 444.121 169.153 463.529 223.544 1.760 0.660 0.932 -5.041 0.760 23.354 -1.910 0.334
Cyclist 0 0 2.401 0.066 241.240 66.170 355.019 1.739 0.571 1.833 -8.813 1.915 11.031 1.727 0.325
Pedestrian 0 0 1.346 56.710 168.706 85.949 214.109 1.760 0.660 0.932 -20.870 0.719 27.978 0.705 0.314
