Car 0 0 -1.198 931.863 171.060 1210.666 365.876 1.526 1.634 3.915 3.617 0.749 5.653 -0.629 0.881
Car 0 0 2.011 198.723 182.739 366.452 282.302 1.526 1.634 3.915 -5.012 0.915 11.060 1.585 0.876
Car 0 0 2.220 84.814 189.472 256.277 265.944 1.526 1.634 3.915 -8.762 1.095 14.400 1.673 0.841
Car 0 0 -1.635 590.908 181.994 657.623 241.960 1.526 1.634 3.915 0.374 0.996 18.364 -1.615 0.822
Car 0 0 -1.103 733.361 179.927 850.817 243.685 1.526 1.634 3.915 4.369 0.932 17.272 -0.856 0.721
Car 0 0 -1.401 685.767 181.971 736.145 227.319 1.526 1.634 3.915 3.413 1.070 24.283 -1.262 0.668
Car 0 0 1.734 403.273 188.941 437.895 219.602 1.526 1.634 3.915 -9.407 1.564 35.916 1.477 0.508
Car 0 0 -1.852 0.127 194.889 41.146 245.630 1.526 1.634 3.915 -17.714 1.426 21.702 -2.537 0.483
Car 0 0 1.779 443.428 182.345 493.826 219.576 1.526 1.634 3.915 -5.777 1.152 29.578 1.585 0.438
Car 0 0 2.260 360.396 185.081 409.709 218.942 1.526 1.634 3.915 -10.119 1.314 32.521 1.958 0.420
Car 0 0 1.775 532.943 184.514 565.092 203.510 1.526 1.634 3.915 -4.864 1.700 57.969 1.691 0.357
Car 0 0 -1.350 14.100 189.896 106.066 227.204 1.526 1.634 3.915 -22.478 1.460 29.516 -2.001 0.297
Car 0 0 -1.618 718.173 181.751 757.140 224.570 1.526 1.634 3.915 4.566 1.080 25.718 -1.443 0.255
