Car 0 0 -1.815 583.895 174.087 662.589 233.572 1.526 1.634 3.915 0.351 0.795 18.512 -1.796 0.860
Cyclist 0 0 -1.290 1100.975 216.839 1241.373 324.843 1.739 0.571 1.833 9.045 1.578 11.621 -0.628 0.815
Car 0 0 2.106 37.842 170.963 210.611 239.590 1.526 1.634 3.915 -10.793 0.721 16.046 1.514 0.773
Car 0 0 1.927 235.150 159.506 330.324 215.606 1.526 1.634 3.915 -8.891 0.400 19.629 1.500 0.760
Pedestrian 0 0 2.012 363.267 159.923 400.692 292.962 1.760 0.660 0.932 -3.012 0.709 9.548 1.705 0.736
Pedestrian 0 0 -0.075 1171.717 172.842 1241.319 323.050 1.760 0.660 0.932 6.997 0.880 8.457 0.616 0.649
Car 0 0 -1.838 423.334 170.975 505.631 231.707 1.526 1.634 3.915 -3.646 0.716 18.132 -2.037 0.641
Car 0 0 -1.300 395.582 167.065 441.947 219.354 1.526 1.634 3.915 -5.569 0.594 21.060 -1.559 0.615
Car 0 0 1.605 549.230 167.861 571.638 188.420 1.526 1.634 3.915 -3.647 0.392 53.563 1.537 0.496
Car 0 0 -1.546 683.376 160.513 718.234 212.416 1.526 1.634 3.915 2.683 0.400 21.216 -1.421 0.488
Car 0 0 1.508 571.250 153.684 600.512 173.907 1.526 1.634 3.915 -1.787 -0.684 54.453 1.474 0.321
Car 0 0 1.345 524.658 177.096 550.739 203.767 1.526 1.634 3.915 -4.112 1.006 41.289 1.245 0.272
