Car 0 0 2.145 26.038 192.948 413.627 374.751 1.526 1.634 3.915 -3.272 0.932 6.057 1.649 0.922
Truck 0 0 1.764 382.164 161.404 511.374 293.073 3.075 2.618 11.229 -3.802 1.270 16.853 1.542 0.722
Car 0 0 1.744 574.208 187.848 618.493 214.604 1.526 1.634 3.915 -0.753 1.618 41.157 1.725 0.526
Car 0 0 1.748 650.464 182.957 692.286 206.707 1.526 1.634 3.915 3.972 1.412 46.366 1.833 0.524
Truck 0 0 1.642 500.865 169.961 560.631 245.572 3.075 2.618 11.229 -3.205 1.420 29.347 1.533 0.454
Car 0 0 1.758 382.540 161.919 510.459 293.227 1.526 1.634 3.915 -1.895 0.636 8.386 1.535 0.406
Car 0 0 1.713 613.196 184.011 648.074 211.302 1.526 1.634 3.915 1.179 1.387 40.349 1.741 0.390
Car 0 0 1.632 499.655 170.140 561.132 247.431 1.526 1.634 3.915 -1.563 0.710 14.247 1.522 0.362
Car 0 0 -1.778 687.810 185.395 738.543 207.833 1.526 1.634 3.915 7.048 1.616 49.078 -1.636 0.326
Car 0 0 1.915 627.488 184.882 657.831 208.988 1.526 1.634 3.915 2.096 1.525 45.683 1.960 0.274
