Car 0 0 -2.067 849.424 205.331 1241.373 371.232 1.526 1.634 3.915 4.009 1.062 6.638 -1.524 0.940
Car 0 0 2.045 346.313 183.969 559.933 312.589 1.526 1.634 3.915 -1.856 0.895 8.562 1.832 0.898
Car 0 0 -1.627 720.457 175.599 769.711 218.566 1.526 1.634 3.915 4.814 0.861 25.630 -1.442 0.756
Car 0 0 -1.898 790.054 182.429 967.063 307.694 1.526 1.634 3.915 3.277 0.880 8.791 -1.542 0.702
Car 0 0 1.740 585.864 167.871 646.471 210.309 1.526 1.634 3.915 0.238 0.584 25.949 1.749 0.669
Car 0 0 1.780 541.543 180.649 592.734 230.170 1.526 1.634 3.915 -1.307 1.003 22.237 1.721 0.615
Car 0 0 -2.049 1076.177 144.141 1237.992 225.574 1.526 1.634 3.915 10.262 0.225 13.523 -1.400 0.538
Car 0 0 2.352 946.066 149.032 1087.529 212.397 1.526 1.634 3.915 9.809 0.189 17.379 2.865 0.416
Truck 0 0 -1.555 680.405 148.239 721.180 193.384 3.058 2.611 10.583 6.180 -0.138 48.876 -1.430 0.315
Car 0 0 1.938 765.031 167.432 804.991 191.007 1.526 1.634 3.915 11.358 0.412 46.711 2.177 0.310
