Car 0 0 -2.257 861.322 231.388 1240.843 373.789 1.526 1.634 3.915 4.814 1.281 7.578 -1.692 0.884
Car 0 0 2.060 0.279 237.591 310.533 372.777 1.526 1.634 3.915 -5.041 1.378 7.983 1.496 0.858
Car 0 0 1.963 251.127 199.884 413.971 325.346 1.526 1.634 3.915 -3.276 0.967 8.601 1.598 0.850
Car 0 0 -2.024 749.528 186.482 970.179 319.407 1.526 1.634 3.915 2.962 0.802 8.119 -1.675 0.806
Car 0 0 1.927 398.999 195.030 484.789 276.041 1.526 1.634 3.915 -3.014 0.988 13.321 1.703 0.721
Car 0 0 -1.695 726.383 185.385 793.380 260.890 1.526 1.634 3.915 3.194 0.809 14.292 -1.476 0.635
Car 0 0 1.416 639.806 181.031 685.078 215.512 1.526 1.634 3.915 2.680 0.671 31.297 1.500 0.564
Car 0 0 2.098 552.160 185.310 587.387 199.038 1.526 1.634 3.915 -3.570 1.008 78.606 2.051 0.370
Car 0 0 1.552 685.938 186.589 717.614 210.247 1.526 1.634 3.915 6.444 0.988 45.615 1.691 0.359
Car 0 0 -1.681 598.876 182.169 624.123 204.160 1.526 1.634 3.915 0.667 0.698 49.073 -1.668 0.254
