Car 0 0 -1.939 758.316 192.135 1002.235 343.155 1.526 1.634 3.915 2.736 0.958 7.292 -1.580 0.908
Car 0 0 -2.172 931.805 246.828 1241.979 374.029 1.526 1.634 3.915 5.727 1.651 8.657 -1.588 0.894
Car 0 0 -1.067 0.166 269.458 43.916 371.987 1.526 1.634 3.915 -8.745 2.201 10.740 -1.751 0.777
Car 0 0 -2.544 141.682 172.385 358.821 275.930 1.526 1.634 3.915 -5.296 0.756 10.635 -3.007 0.766
Car 0 0 -1.770 674.674 186.149 747.529 237.805 1.526 1.634 3.915 3.000 1.156 21.318 -1.630 0.725
Car 0 0 0.567 144.251 208.724 278.221 316.052 1.526 1.634 3.915 -5.664 1.273 10.260 0.062 0.711
Car 0 0 1.556 647.472 175.048 696.755 214.700 1.526 1.634 3.915 2.408 0.848 27.772 1.642 0.699
Car 0 0 0.536 338.267 179.201 449.218 237.400 1.526 1.634 3.915 -5.659 0.930 18.921 0.244 0.692
Car 0 0 -0.945 0.099 154.648 152.846 335.153 1.526 1.634 3.915 -4.507 0.609 6.101 -1.582 0.657
Car 0 0 -2.541 399.299 168.151 505.712 222.560 1.526 1.634 3.915 -4.405 0.631 20.239 -2.756 0.646
Car 0 0 1.246 498.385 172.922 549.317 204.895 1.526 1.634 3.915 -4.091 0.766 34.442 1.126 0.427
Car 0 0 1.824 547.629 173.369 586.321 192.859 1.526 1.634 3.915 -3.335 0.803 56.502 1.764 0.340
Car 0 0 1.516 637.065 176.759 660.775 205.154 1.526 1.634 3.915 2.116 0.973 38.783 1.569 0.325
Car 0 0 -1.632 480.422 174.121 509.458 208.879 1.526 1.634 3.915 -5.033 0.819 31.681 -1.791 0.297
