Car 0 0 -1.268 916.101 181.507 1210.238 367.791 1.526 1.634 3.915 3.761 0.771 5.793 -0.692 0.912
Car 0 0 -1.015 788.950 167.222 982.158 291.598 1.526 1.634 3.915 3.454 0.600 8.676 -0.637 0.745
Car 0 0 1.712 474.946 182.040 513.287 205.718 1.526 1.634 3.915 -7.088 0.862 45.574 1.557 0.598
Car 0 0 1.757 747.835 178.468 815.871 252.690 1.460 1.604 1.443 3.497 0.690 13.910 2.002 0.587
Car 0 0 -1.635 591.252 174.815 637.519 215.865 1.526 1.634 3.915 0.383 0.551 26.287 -1.621 0.562
Car 0 0 -1.664 650.162 172.715 692.788 205.734 1.519 1.631 3.635 3.100 0.401 32.522 -1.570 0.384
Car 0 0 -1.721 694.976 173.945 763.905 218.745 1.493 1.619 2.655 4.176 0.528 23.556 -1.546 0.352
Car 0 0 1.598 693.448 174.310 728.239 216.151 1.526 1.634 3.915 3.894 0.537 25.790 1.747 0.317
Car 0 0 1.755 527.067 174.724 550.546 192.128 1.526 1.634 3.915 -5.724 0.256 62.002 1.662 0.311
Car 0 0 2.247 1187.058 168.043 1241.692 324.244 1.526 1.634 3.915 5.963 0.641 6.908 2.959 0.294
