Car 0 0 -0.736 896.580 173.778 1226.009 289.032 1.526 1.634 3.915 5.982 0.775 9.555 -0.177 0.893
Car 0 0 1.442 501.096 194.028 576.048 238.209 1.526 1.634 3.915 -2.452 1.495 24.925 1.343 0.798
Car 0 0 2.188 0.000 211.634 124.430 367.170 1.526 1.634 3.915 -5.371 1.144 7.080 1.539 0.591
Car 0 0 -1.782 391.710 195.536 459.891 242.167 1.526 1.634 3.915 -6.014 1.505 23.615 -2.033 0.520
Car 0 0 -1.311 789.195 179.833 944.888 255.877 1.526 1.634 3.915 5.168 0.903 14.481 -0.968 0.512
Car 0 0 -1.886 1119.375 226.294 1241.642 305.815 1.526 1.634 3.915 10.958 1.789 13.848 -1.218 0.444
Pedestrian 0 0 -1.069 0.000 189.993 44.272 373.356 1.760 0.660 0.932 -5.640 1.045 6.928 -1.752 0.387
Car 0 0 1.336 468.128 200.062 492.306 220.979 1.526 1.634 3.915 -9.438 2.748 52.648 1.158 0.325
Car 0 0 1.894 305.803 189.892 331.845 208.820 1.526 1.634 3.915 -23.442 2.137 58.179 1.510 0.288
Truck 0 0 -1.699 382.338 147.419 455.856 234.018 2.955 2.564 6.736 -6.500 0.610 24.624 -1.958 0.285
