Pedestrian 0 0 -0.830 356.023 164.676 394.515 268.404 1.760 0.660 0.932 -3.976 0.741 12.246 -1.144 0.771
Car 0 0 -2.264 839.963 185.733 1018.356 246.186 1.526 1.634 3.915 8.069 1.088 18.216 -1.848 0.690
Pedestrian 0 0 -1.919 284.132 164.883 310.617 227.912 1.760 0.660 0.932 -8.720 0.658 20.154 -2.327 0.602
Car 0 0 1.246 997.836 186.850 1062.984 219.227 1.526 1.634 3.915 19.838 1.423 34.012 1.774 0.555
Pedestrian 0 0 1.967 120.476 152.723 143.967 235.743 1.760 0.660 0.932 -10.122 0.453 15.301 1.383 0.488
Car 0 0 -1.704 1058.305 186.866 1154.951 220.275 1.526 1.634 3.915 22.707 1.403 32.962 -1.101 0.457
Pedestrian 0 0 -1.746 256.482 154.492 279.102 210.559 1.760 0.660 0.932 -10.732 0.304 22.656 -2.189 0.451
Pedestrian 0 0 1.160 212.227 158.335 231.478 209.093 1.760 0.660 0.932 -13.447 0.377 25.026 0.666 0.371
Car 0 0 -1.694 544.446 168.222 600.425 209.506 1.526 1.634 3.915 -1.372 0.592 26.674 -1.746 0.351
Pedestrian 0 0 1.236 192.254 152.675 213.218 211.543 1.760 0.660 0.932 -12.166 0.277 21.578 0.722 0.326
Pedestrian 0 0 1.698 158.574 154.691 182.108 209.825 1.760 0.660 0.932 -14.025 0.300 23.040 1.151 0.307
Pedestrian 0 0 1.416 236.664 153.139 255.283 210.524 1.677 0.710 1.578 -10.625 0.262 21.084 0.948 0.304
Pedestrian 0 0 1.966 133.916 153.839 159.482 235.959 1.760 0.660 0.932 -9.923 0.473 15.468 1.395 0.300
Car 0 0 -1.070 1097.724 187.592 1201.101 223.237 1.526 1.634 3.915 23.114 1.394 30.893 -0.428 0.265
