Car 0 0 2.066 17.744 197.765 245.978 322.997 1.526 1.634 3.915 -5.822 1.067 8.793 1.481 0.925
Car 0 0 -1.003 0.396 209.019 141.754 363.734 1.526 1.634 3.915 -5.312 1.120 7.118 -1.644 0.858
Car 0 0 1.949 215.398 191.536 405.211 271.672 1.526 1.634 3.915 -5.699 1.119 13.742 1.556 0.846
Car 0 0 -1.932 681.012 190.017 773.792 251.669 1.526 1.634 3.915 2.917 1.188 17.862 -1.771 0.825
Car 0 0 -1.779 646.102 180.835 701.758 223.990 1.526 1.634 3.915 2.276 1.045 25.517 -1.691 0.698
Car 0 0 0.203 452.047 176.731 518.661 217.313 1.526 1.634 3.915 -4.671 0.909 27.136 0.032 0.672
Car 0 0 0.394 368.127 182.987 467.026 232.120 1.526 1.634 3.915 -5.963 1.078 22.413 0.133 0.591
Car 0 0 0.010 1150.364 257.523 1241.374 358.991 1.526 1.634 3.915 8.819 2.037 10.853 0.691 0.587
Car 0 0 1.580 505.953 175.502 539.818 204.012 1.526 1.634 3.915 -4.640 0.905 38.625 1.460 0.438
Car 0 0 -1.915 354.284 186.843 424.611 238.053 1.526 1.634 3.915 -6.560 1.180 21.504 -2.212 0.397
