Car 0 0 2.173 249.029 185.870 370.210 230.465 1.526 1.634 3.915 -10.265 1.209 24.693 1.778 0.814
Car 0 0 -1.237 608.019 178.300 678.117 229.184 1.526 1.634 3.915 1.005 0.926 21.641 -1.191 0.756
Car 0 0 1.776 433.186 184.330 477.657 214.233 1.526 1.634 3.915 -7.867 1.349 36.826 1.565 0.665
Car 0 0 -1.545 731.525 164.393 757.825 191.804 1.526 1.634 3.915 7.523 0.292 40.174 -1.361 0.565
Car 0 0 1.513 680.677 174.536 705.474 194.964 1.526 1.634 3.915 6.240 0.889 53.907 1.628 0.455
Car 0 0 1.957 1102.609 157.243 1142.566 178.860 1.526 1.634 3.915 36.220 -0.339 50.941 2.575 0.429
Car 0 0 1.637 507.992 172.693 541.062 201.046 1.521 1.632 3.735 -4.563 0.752 38.716 1.519 0.399
Car 0 0 1.555 540.772 170.636 566.609 192.965 1.519 1.631 3.640 -3.800 0.609 49.080 1.477 0.399
Car 0 0 2.165 1037.188 157.980 1085.966 178.117 1.526 1.634 3.915 34.258 -0.364 54.685 2.724 0.398
Car 0 0 -1.786 891.561 156.079 916.984 172.528 1.526 1.634 3.915 27.345 -0.793 66.947 -1.399 0.338
Car 0 0 -1.698 1204.298 153.574 1240.981 173.881 1.526 1.634 3.915 46.076 -0.686 54.228 -0.994 0.306
Car 0 0 1.811 355.795 181.294 387.807 205.697 1.526 1.634 3.915 -14.870 1.291 45.126 1.492 0.283
Car 0 0 1.597 1136.654 155.066 1176.525 176.601 1.526 1.634 3.915 38.767 -0.498 51.135 2.245 0.277
Car 0 0 1.647 1169.792 154.699 1205.662 175.449 1.526 1.634 3.915 42.523 -0.572 53.068 2.322 0.257
