Pedestrian 0 0 1.018 776.877 170.223 847.628 344.059 1.760 0.660 0.932 2.053 0.854 7.307 1.291 0.869
Pedestrian 0 0 -1.455 863.241 168.648 938.583 342.966 1.760 0.660 0.932 2.942 0.838 7.287 -1.072 0.798
Pedestrian 0 0 -2.003 120.273 171.086 192.925 334.942 1.729 0.646 -0.246 -4.780 0.846 7.614 -2.564 0.776
Pedestrian 0 0 -1.887 447.906 172.050 483.086 264.872 1.760 0.660 0.932 -2.732 0.865 13.685 -2.085 0.712
Pedestrian 0 0 2.053 993.684 154.265 1035.774 259.762 1.760 0.660 0.932 6.761 0.570 12.041 2.563 0.634
Pedestrian 0 0 0.126 1123.684 149.549 1178.813 276.549 1.760 0.660 0.932 7.509 0.557 10.002 0.770 0.607
Pedestrian 0 0 -1.917 22.788 174.870 99.309 316.109 1.760 0.660 0.932 -6.837 0.905 8.994 -2.567 0.488
Cyclist 0 0 0.211 1.047 234.400 97.056 371.279 1.739 0.571 1.833 -7.123 1.652 9.169 -0.449 0.472
Pedestrian 0 0 2.079 690.592 166.199 709.024 224.286 1.760 0.660 0.932 2.735 0.679 21.868 2.203 0.440
Pedestrian 0 0 2.147 916.571 161.161 958.092 270.008 1.760 0.660 0.932 5.301 0.691 11.670 2.573 0.383
Pedestrian 0 0 -2.077 977.448 155.389 1007.755 259.949 1.760 0.660 0.932 6.449 0.586 12.149 -1.589 0.267
