Car 0 0 -1.551 714.349 184.621 857.354 295.374 1.526 1.634 3.915 2.429 0.925 9.943 -1.313 0.895
Car 0 0 -1.892 602.787 188.949 716.814 263.076 1.526 1.634 3.915 1.034 1.094 14.856 -1.824 0.832
Car 0 0 1.867 219.534 191.950 327.033 273.603 1.526 1.634 3.915 -6.285 1.120 13.486 1.430 0.659
Car 0 0 -1.592 427.448 174.461 471.148 216.404 1.526 1.634 3.915 -5.831 0.822 26.255 -1.811 0.612
Pedestrian 0 0 -1.962 548.574 184.911 592.271 273.398 1.760 0.660 0.932 -0.779 1.120 14.355 -2.017 0.539
Car 0 0 1.665 310.124 185.478 356.601 237.657 1.526 1.634 3.915 -8.078 1.132 21.104 1.299 0.508
Car 0 0 -1.701 487.751 183.349 524.951 215.548 1.526 1.634 3.915 -4.892 1.261 34.201 -1.844 0.479
Car 0 0 -1.705 354.562 178.361 385.556 203.994 1.526 1.634 3.915 -14.259 1.091 42.959 -2.026 0.402
Car 0 0 0.833 510.311 184.285 549.355 224.247 1.526 1.634 3.915 -3.045 1.200 27.556 0.722 0.387
Car 0 0 -1.731 482.320 182.525 508.113 210.013 1.526 1.634 3.915 -6.348 1.300 40.060 -1.889 0.378
Car 0 0 1.700 331.336 185.400 357.623 218.114 1.526 1.634 3.915 -12.367 1.348 33.662 1.347 0.259
Car 0 0 -1.655 383.827 177.533 402.709 197.315 1.526 1.634 3.915 -16.688 1.124 55.669 -1.946 0.255
