Car 0 0 -1.017 742.185 178.927 904.945 260.528 1.526 1.634 3.915 4.003 0.877 13.495 -0.730 0.910
Car 0 0 -1.108 907.217 174.973 1139.946 342.195 1.526 1.634 3.915 3.779 0.782 6.585 -0.587 0.896
Car 0 0 2.201 0.181 193.195 120.243 348.578 1.526 1.634 3.915 -5.396 0.963 7.087 1.551 0.831
Car 0 0 2.232 241.054 182.775 376.348 235.362 1.526 1.634 3.915 -8.731 1.051 20.940 1.836 0.761
Car 0 0 -1.532 594.034 178.599 669.258 239.128 1.526 1.634 3.915 0.557 0.908 18.193 -1.502 0.722
Car 0 0 2.150 38.981 183.132 170.660 263.843 1.526 1.634 3.915 -9.544 0.957 13.644 1.539 0.670
Car 0 0 1.929 157.564 184.905 232.525 226.263 1.526 1.634 3.915 -15.296 1.208 26.626 1.408 0.407
Car 0 0 2.059 384.020 185.316 466.521 233.641 1.526 1.634 3.915 -5.820 1.157 22.788 1.809 0.396
Car 0 0 -1.973 462.495 180.690 488.069 207.807 1.526 1.634 3.915 -7.557 1.204 40.609 -2.157 0.302
Car 0 0 1.656 551.866 174.259 586.995 203.467 1.526 1.634 3.915 -2.097 0.837 37.702 1.599 0.275
