Car 0 0 -2.047 811.680 182.764 1040.878 321.523 1.511 1.627 3.329 3.448 0.863 7.855 -1.634 0.882
Car 0 0 -2.086 1005.638 239.548 1241.286 370.257 1.526 1.634 3.915 6.000 1.542 8.425 -1.468 0.852
Car 0 0 1.803 396.685 186.956 490.909 245.901 1.526 1.634 3.915 -4.292 1.128 18.682 1.576 0.824
Car 0 0 -1.925 755.523 184.469 855.855 260.586 1.526 1.634 3.915 3.932 0.996 14.467 -1.661 0.753
Car 0 0 -1.706 726.159 181.071 785.012 236.312 1.526 1.634 3.915 4.034 0.990 19.935 -1.508 0.684
Car 0 0 1.829 546.597 178.975 581.852 198.514 1.526 1.634 3.915 -3.541 1.241 56.360 1.766 0.529
Car 0 0 1.741 507.687 183.779 541.670 218.980 1.526 1.634 3.915 -3.680 1.237 31.284 1.623 0.459
Car 0 0 1.549 478.668 184.866 511.900 225.754 1.526 1.634 3.915 -4.265 1.211 26.932 1.392 0.455
Car 0 0 -1.825 682.686 177.354 729.911 218.690 1.526 1.634 3.915 3.572 0.929 26.640 -1.692 0.429
Car 0 0 1.751 978.994 176.616 1035.776 204.044 1.526 1.634 3.915 22.136 0.972 40.149 2.254 0.311
