Car 0 0 2.167 0.193 179.242 378.990 369.107 1.526 1.634 3.915 -3.376 0.814 5.800 1.640 0.918
Car 0 0 -1.942 1045.397 191.913 1241.498 350.471 1.526 1.634 3.915 5.139 0.947 6.945 -1.306 0.899
Car 0 0 1.886 583.151 182.280 705.720 256.906 1.526 1.634 3.915 0.713 0.956 14.756 1.934 0.819
Car 0 0 -1.730 958.519 178.983 1043.634 244.672 1.526 1.634 3.915 9.096 0.905 16.764 -1.233 0.805
Car 0 0 1.766 720.119 171.998 785.664 218.749 1.526 1.634 3.915 4.679 0.735 23.555 1.961 0.688
Car 0 0 1.878 908.090 169.823 945.762 190.104 1.526 1.634 3.915 23.883 0.535 54.298 2.292 0.562
Car 0 0 1.754 550.985 173.789 582.837 193.891 1.526 1.634 3.915 -3.238 0.834 54.781 1.693 0.509
Car 0 0 -1.768 937.477 173.751 976.924 217.217 1.526 1.634 3.915 12.206 0.795 25.335 -1.319 0.419
Car 0 0 1.766 768.697 173.279 800.019 211.367 1.526 1.634 3.915 7.004 0.780 28.912 2.004 0.358
Truck 0 0 -1.980 1075.261 1.763 1241.320 198.655 3.044 2.604 10.064 8.484 -1.123 11.156 -1.330 0.320
Car 0 0 1.894 827.204 166.760 859.909 189.820 1.526 1.634 3.915 15.486 0.360 47.753 2.207 0.303
