Pedestrian 0 0 2.169 403.043 170.144 440.118 269.365 1.760 0.660 0.932 -3.335 0.832 12.802 1.914 0.771
Cyclist 0 0 -2.236 39.173 212.191 134.201 303.685 1.739 0.571 1.833 -9.941 1.618 13.717 -2.864 0.680
Car 0 0 1.697 557.243 179.792 600.579 212.562 1.526 1.634 3.915 -1.427 1.086 33.604 1.653 0.679
Pedestrian 0 0 2.071 690.472 177.242 717.219 264.427 1.760 0.660 0.932 1.904 0.969 14.570 2.199 0.671
Pedestrian 0 0 -1.718 716.304 173.887 763.904 293.376 1.760 0.660 0.932 1.923 0.895 10.631 -1.540 0.653
Pedestrian 0 0 2.065 831.220 167.787 864.869 260.225 1.760 0.660 0.932 4.542 0.784 13.742 2.385 0.648
Pedestrian 0 0 1.037 873.743 169.584 905.644 262.914 1.760 0.660 0.932 5.284 0.819 13.610 1.407 0.599
Pedestrian 0 0 1.176 336.815 173.911 366.834 236.396 1.760 0.660 0.932 -7.262 0.910 20.329 0.832 0.487
Pedestrian 0 0 -1.258 771.196 171.603 800.698 254.113 1.760 0.660 0.932 3.764 0.854 15.395 -1.019 0.481
Pedestrian 0 0 1.710 644.466 176.684 676.661 239.855 1.760 0.660 0.932 1.421 0.987 20.108 1.780 0.337
Pedestrian 0 0 -1.257 747.495 174.582 775.015 288.615 1.760 0.660 0.932 2.342 0.907 11.139 -1.051 0.333
Cyclist 0 0 0.578 1021.851 273.630 1236.965 369.236 1.739 0.571 1.833 9.458 2.703 13.128 1.202 0.305
Cyclist 0 0 1.402 118.708 216.132 178.660 300.960 1.739 0.571 1.833 -9.450 1.757 14.796 0.833 0.295
Pedestrian 0 0 -1.758 664.011 186.998 682.365 240.507 1.760 0.660 0.932 2.093 1.346 23.739 -1.670 0.292
Car 0 0 1.932 598.631 172.621 619.677 188.071 1.526 1.634 3.915 -0.040 0.740 71.276 1.931 0.258
