Car 0 0 -2.289 780.221 221.200 1241.339 374.885 1.526 1.634 3.915 3.984 1.243 7.165 -1.783 0.899
Car 0 0 1.913 6.739 227.059 235.580 374.707 1.526 1.634 3.915 -5.048 1.323 7.458 1.317 0.890
Car 0 0 -2.081 631.079 213.813 865.735 352.260 1.526 1.634 3.915 1.531 1.215 7.954 -1.891 0.857
Car 0 0 1.600 203.444 220.283 299.693 296.266 1.526 1.634 3.915 -7.191 1.716 14.493 1.138 0.805
Car 0 0 -1.906 563.747 206.480 674.536 294.565 1.526 1.634 3.915 0.166 1.346 12.502 -1.892 0.710
Car 0 0 1.703 285.829 197.033 356.097 250.187 1.526 1.634 3.915 -8.286 1.457 20.717 1.322 0.681
Car 0 0 -1.776 514.498 195.112 589.275 264.870 1.526 1.634 3.915 -1.262 1.250 15.786 -1.857 0.589
Car 0 0 -1.274 0.118 279.922 57.256 372.565 1.526 1.634 3.915 -9.569 2.527 11.887 -1.952 0.572
Car 0 0 1.638 348.558 200.791 377.966 223.808 1.526 1.634 3.915 -16.331 2.616 47.844 1.308 0.524
Car 0 0 1.758 471.517 199.882 509.481 238.077 1.526 1.634 3.915 -4.757 1.843 28.832 1.594 0.326
Car 0 0 1.590 451.869 200.773 468.574 224.152 1.526 1.634 3.915 -9.749 2.586 47.103 1.385 0.276
