Car 0 0 -1.181 866.439 177.880 1133.575 342.461 1.526 1.634 3.915 3.621 0.810 6.691 -0.685 0.897
Car 0 0 -2.223 771.513 167.295 937.650 278.518 1.526 1.634 3.915 3.362 0.687 9.901 -1.896 0.826
Car 0 0 1.427 713.646 175.143 761.530 230.456 1.503 1.623 3.033 3.478 0.813 19.601 1.601 0.569
Car 0 0 1.530 737.587 177.565 795.260 247.397 1.493 1.619 2.682 3.354 0.847 15.429 1.744 0.554
Car 0 0 -1.820 1158.220 191.454 1241.772 372.091 1.526 1.634 3.915 4.989 0.920 6.096 -1.135 0.545
Car 0 0 -1.641 689.376 176.349 721.680 216.192 1.526 1.634 3.915 3.676 0.897 27.639 -1.510 0.496
Car 0 0 1.712 486.524 180.968 516.901 202.932 1.526 1.634 3.915 -7.494 1.327 50.138 1.563 0.442
Car 0 0 -1.644 593.193 177.979 639.134 215.458 1.526 1.634 3.915 0.269 0.972 29.382 -1.635 0.419
Car 0 0 -1.703 650.697 174.185 687.541 205.154 1.517 1.630 3.586 2.918 0.824 35.353 -1.621 0.355
Car 0 0 1.791 524.622 175.234 549.401 191.169 1.526 1.634 3.915 -6.949 0.991 69.110 1.691 0.317
