Car 0 0 -1.942 763.170 196.618 991.404 341.129 1.526 1.634 3.915 2.827 1.014 7.620 -1.587 0.912
Car 0 0 1.986 0.307 203.942 146.796 366.088 1.526 1.634 3.915 -5.045 1.056 6.791 1.347 0.897
Car 0 0 0.947 93.257 177.904 309.581 312.421 1.526 1.634 3.915 -4.631 0.820 8.186 0.431 0.894
Car 0 0 -1.505 473.456 189.109 553.988 251.443 1.526 1.634 3.915 -2.346 1.161 17.666 -1.638 0.808
Car 0 0 1.222 313.462 180.829 425.508 244.863 1.526 1.634 3.915 -5.722 0.953 17.197 0.900 0.784
Car 0 0 -1.673 589.836 177.985 643.958 220.668 1.526 1.634 3.915 0.262 0.947 25.800 -1.664 0.708
Car 0 0 1.562 647.082 175.668 688.563 209.083 1.526 1.634 3.915 2.661 0.892 32.956 1.642 0.648
Pedestrian 0 0 -1.219 865.701 167.033 893.242 200.023 1.760 0.660 0.932 14.403 0.570 38.504 -0.862 0.477
Truck 0 0 -1.851 686.530 82.906 841.387 240.354 2.990 2.540 5.908 2.932 -0.213 13.702 -1.642 0.319
Car 0 0 1.805 531.407 185.431 572.784 235.841 1.526 1.634 3.915 -1.740 1.144 21.845 1.726 0.290
Car 0 0 1.613 314.161 178.058 348.680 200.542 1.526 1.634 3.915 -18.880 1.116 48.977 1.245 0.276
Car 0 0 1.067 393.970 177.076 427.982 205.953 1.526 1.634 3.915 -10.495 0.986 38.134 0.798 0.264
Car 0 0 1.142 443.514 181.476 489.809 202.028 1.526 1.634 3.915 -10.611 1.403 53.579 0.945 0.259
