Car 0 0 2.097 0.338 220.023 180.064 372.257 1.526 1.634 3.915 -5.207 1.236 7.234 1.473 0.903
Car 0 0 2.022 158.154 200.752 326.887 312.023 1.526 1.634 3.915 -5.034 1.146 9.897 1.551 0.841
Cyclist 0 0 1.978 924.951 247.733 1103.531 346.610 1.739 0.571 1.833 7.119 2.187 12.693 2.489 0.841
Car 0 0 1.812 319.556 195.953 476.424 299.551 1.526 1.634 3.915 -3.117 1.103 10.630 1.526 0.825
Pedestrian 0 0 2.146 862.814 187.593 916.802 299.234 1.760 0.660 0.932 4.419 1.113 11.378 2.516 0.782
Pedestrian 0 0 2.038 961.091 188.282 1056.300 349.486 1.760 0.660 0.932 4.359 1.049 7.880 2.542 0.768
Cyclist 0 0 -3.054 823.363 231.128 981.842 328.582 1.739 0.571 1.833 5.230 1.910 12.879 -2.669 0.696
Car 0 0 1.721 442.437 169.821 525.657 250.768 1.526 1.634 3.915 -2.366 0.706 13.604 1.549 0.630
Car 0 0 1.925 643.921 181.416 701.451 216.009 1.526 1.634 3.915 2.785 1.141 31.833 2.011 0.469
Car 0 0 1.667 532.502 182.868 566.344 210.484 1.526 1.634 3.915 -3.323 1.316 39.875 1.583 0.463
Pedestrian 0 0 2.018 4.800 178.688 51.427 223.455 1.760 0.660 0.932 -22.866 1.110 28.375 1.340 0.398
Car 0 0 1.681 611.319 178.831 650.328 203.816 1.526 1.634 3.915 1.299 1.128 44.074 1.710 0.378
Car 0 0 1.713 543.094 174.805 576.723 198.418 1.526 1.634 3.915 -3.209 0.889 46.636 1.643 0.341
Car 0 0 1.411 522.257 185.056 542.782 227.536 1.526 1.634 3.915 -2.768 1.201 25.923 1.304 0.322
Car 0 0 1.584 603.204 177.705 627.253 201.503 1.526 1.634 3.915 0.364 1.074 46.274 1.592 0.316
Cyclist 0 0 2.027 728.456 199.536 802.854 251.374 1.739 0.571 1.833 5.238 1.765 24.211 2.239 0.272
Cyclist 0 0 1.560 777.001 207.546 825.984 252.497 1.739 0.571 1.833 7.427 2.212 27.921 1.820 0.261
