Car 0 0 -1.693 599.691 186.525 675.469 247.859 1.526 1.634 3.915 0.697 1.103 17.954 -1.655 0.845
Car 0 0 2.414 1150.316 179.813 1241.527 228.335 1.526 1.634 3.915 18.443 0.982 22.695 3.096 0.731
Pedestrian 0 0 2.020 1056.103 168.407 1099.835 261.595 1.760 0.660 0.932 8.849 0.796 13.631 2.595 0.652
Car 0 0 1.860 356.008 188.248 406.698 220.872 1.526 1.634 3.915 -10.676 1.483 33.754 1.553 0.595
Car 0 0 -1.674 656.623 174.802 700.639 215.519 1.526 1.634 3.915 2.589 0.836 27.045 -1.580 0.527
Car 0 0 1.518 580.952 183.548 619.562 223.364 1.526 1.634 3.915 -0.357 1.173 27.657 1.504 0.449
Car 0 0 1.917 550.764 185.703 578.307 204.532 1.526 1.634 3.915 -3.649 1.805 58.485 1.854 0.400
Car 0 0 1.772 907.222 188.460 956.407 215.619 1.526 1.634 3.915 18.109 1.640 40.546 2.191 0.352
Car 0 0 -1.857 481.439 187.178 512.961 219.022 1.526 1.634 3.915 -5.385 1.450 34.582 -2.011 0.340
Car 0 0 1.880 137.411 206.019 173.961 225.578 1.526 1.634 3.915 -35.417 3.351 56.304 1.318 0.287
Car 0 0 1.866 713.878 169.996 760.879 193.438 1.526 1.634 3.915 8.321 0.577 46.974 2.041 0.275
Car 0 0 1.788 1118.396 199.425 1164.559 225.567 1.526 1.634 3.915 31.054 2.314 42.125 2.423 0.253
