Car 0 0 -0.924 124.864 197.149 361.872 293.167 1.526 1.634 3.915 -5.821 1.149 11.469 -1.394 0.851
Car 0 0 2.111 2.208 201.624 188.846 335.752 1.526 1.634 3.915 -5.849 1.090 8.210 1.492 0.798
Car 0 0 0.524 260.975 183.863 416.806 264.009 1.526 1.634 3.915 -5.154 0.973 13.740 0.164 0.789
Car 0 0 0.023 773.884 177.812 915.891 238.445 1.526 1.634 3.915 5.923 0.888 18.162 0.337 0.778
Car 0 0 -1.789 703.078 188.982 804.314 264.647 1.526 1.634 3.915 2.907 1.088 14.554 -1.593 0.771
Car 0 0 2.165 354.598 179.912 455.834 238.612 1.526 1.634 3.915 -5.313 0.947 18.760 1.889 0.696
Car 0 0 1.785 499.038 179.581 551.720 209.843 1.526 1.634 3.915 -4.246 1.102 36.390 1.668 0.495
Car 0 0 -1.336 696.436 176.933 751.270 213.526 1.526 1.634 3.915 4.767 0.933 30.093 -1.180 0.484
Car 0 0 -2.792 416.298 173.788 506.528 219.382 1.526 1.634 3.915 -4.959 0.794 24.152 -2.995 0.469
Car 0 0 -1.679 635.769 177.474 664.918 202.860 1.526 1.634 3.915 2.452 1.041 43.378 -1.623 0.437
Car 0 0 1.510 549.398 176.336 577.701 199.216 1.526 1.634 3.915 -3.069 0.995 48.129 1.446 0.275
