Car 0 0 2.376 958.570 162.372 1242.000 260.987 1.526 1.634 3.915 7.679 0.482 10.942 2.988 0.902
Car 0 0 2.036 151.685 201.360 338.270 298.091 1.526 1.634 3.915 -5.666 1.092 11.156 1.565 0.901
Car 0 0 -1.818 681.493 180.401 762.537 237.423 1.526 1.634 3.915 3.157 0.760 18.924 -1.653 0.791
Car 0 0 2.860 807.519 160.389 969.196 221.592 1.526 1.634 3.915 7.089 0.261 17.631 3.241 0.772
Car 0 0 -3.512 891.444 143.967 1115.397 237.052 1.526 1.634 3.915 6.547 0.164 11.593 -2.999 0.758
Car 0 0 -0.995 0.000 255.852 106.411 371.800 1.526 1.634 3.915 -7.251 1.755 9.307 -1.658 0.632
Car 0 0 1.861 338.735 209.974 413.395 250.794 1.526 1.634 3.915 -8.525 1.865 26.435 1.549 0.617
Car 0 0 1.774 461.464 184.123 510.224 217.730 1.526 1.634 3.915 -5.370 0.927 32.110 1.607 0.586
Car 0 0 1.872 383.279 186.634 457.751 238.315 1.526 1.634 3.915 -5.421 0.944 20.880 1.618 0.337
Car 0 0 1.807 518.723 181.656 543.338 203.665 1.526 1.634 3.915 -5.066 0.843 49.028 1.704 0.304
Car 0 0 -1.881 626.514 176.671 668.411 198.868 1.526 1.634 3.915 2.983 0.499 48.614 -1.820 0.262
