Car 0 0 -0.926 0.056 224.692 253.482 373.604 1.526 1.634 3.915 -4.892 1.216 7.246 -1.520 0.892
Car 0 0 -1.853 753.222 174.250 947.460 303.534 1.526 1.634 3.915 2.907 0.689 8.347 -1.519 0.856
Car 0 0 1.890 379.913 178.634 510.075 262.825 1.526 1.634 3.915 -2.884 0.729 12.817 1.667 0.814
Car 0 0 2.028 1075.863 152.031 1238.587 255.838 1.526 1.634 3.915 8.132 0.344 10.395 2.692 0.774
Car 0 0 2.105 986.917 157.073 1115.868 239.325 1.526 1.634 3.915 8.300 0.328 13.119 2.669 0.774
Car 0 0 2.104 938.196 157.510 1040.217 219.112 1.526 1.634 3.915 9.542 0.193 17.517 2.603 0.591
Car 0 0 1.754 540.368 177.487 575.791 214.432 1.526 1.634 3.915 -1.900 0.638 29.208 1.689 0.482
Car 0 0 -1.849 724.733 183.155 776.985 253.068 1.526 1.634 3.915 3.204 0.821 15.435 -1.646 0.445
Car 0 0 1.836 461.679 159.817 554.882 233.892 1.526 1.634 3.915 -1.974 0.337 14.568 1.701 0.405
Truck 0 0 1.842 462.940 159.209 554.341 232.867 3.075 2.618 11.229 -3.985 0.648 29.520 1.707 0.365
Car 0 0 -1.662 715.983 184.472 741.821 239.314 1.526 1.634 3.915 3.474 0.873 19.676 -1.489 0.300
