Car 0 0 -2.255 927.104 208.648 1241.455 372.814 1.526 1.634 3.915 4.413 1.096 6.708 -1.674 0.943
Car 0 0 -2.198 247.063 179.452 413.604 264.731 1.526 1.634 3.915 -4.997 0.881 12.913 -2.568 0.894
Car 0 0 -2.241 0.338 196.310 168.768 372.828 1.526 1.634 3.915 -4.539 0.966 6.238 -2.871 0.874
Car 0 0 -1.971 790.305 161.446 1006.038 301.570 1.526 1.634 3.915 3.143 0.639 7.859 -1.590 0.802
Car 0 0 -1.620 583.713 178.875 643.065 223.374 1.526 1.634 3.915 0.131 0.970 24.747 -1.615 0.776
Car 0 0 -1.816 387.070 177.007 472.256 248.354 1.526 1.634 3.915 -3.848 0.852 15.434 -2.062 0.669
Car 0 0 -2.953 63.033 177.332 194.466 233.613 1.526 1.634 3.915 -13.038 0.885 19.566 -3.541 0.602
Pedestrian 0 0 1.380 712.099 167.407 731.741 220.957 1.755 0.658 0.740 3.683 0.699 23.652 1.533 0.463
Car 0 0 1.587 632.160 169.276 654.115 190.881 1.526 1.634 3.915 2.372 0.510 50.970 1.634 0.352
Car 0 0 1.656 550.723 169.237 576.854 196.114 1.526 1.634 3.915 -2.599 0.558 40.973 1.592 0.331
Car 0 0 -1.571 438.584 174.391 496.716 207.233 1.526 1.634 3.915 -6.595 0.835 33.530 -1.766 0.326
Car 0 0 1.041 495.801 156.904 571.174 204.005 1.526 1.634 3.915 -2.465 0.246 23.380 0.935 0.308
Car 0 0 -2.019 183.693 179.742 213.039 228.662 1.526 1.634 3.915 -12.828 0.978 22.510 -2.537 0.281
