Car 0 0 -0.391 981.722 191.239 1241.981 372.201 1.526 1.634 3.915 4.236 0.918 6.085 0.217 0.954
Car 0 0 -0.710 832.998 195.803 1098.147 309.776 1.526 1.634 3.915 4.767 1.070 9.662 -0.252 0.888
Car 0 0 1.999 0.000 166.404 204.285 346.344 1.526 1.634 3.915 -4.304 0.708 6.120 1.386 0.841
Pedestrian 0 0 1.670 427.595 179.568 460.978 262.878 1.760 0.660 0.932 -3.492 1.022 15.247 1.444 0.817
Car 0 0 -1.757 634.625 182.736 691.808 226.697 1.526 1.634 3.915 1.863 1.106 25.049 -1.683 0.701
Car 0 0 -0.781 820.982 168.252 1014.103 257.406 1.526 1.634 3.915 5.272 0.684 12.352 -0.378 0.595
Car 0 0 0.679 360.976 184.751 431.251 226.762 1.526 1.634 3.915 -7.754 1.195 26.212 0.391 0.559
Car 0 0 -2.119 294.002 183.392 395.393 223.132 1.526 1.634 3.915 -10.172 1.168 27.710 -2.471 0.485
Car 0 0 1.917 488.431 174.805 530.855 198.998 1.526 1.634 3.915 -6.303 0.886 45.518 1.778 0.453
Car 0 0 1.956 533.844 171.997 558.041 191.859 1.526 1.634 3.915 -4.888 0.697 55.441 1.866 0.303
Car 0 0 1.855 597.893 166.834 631.182 201.277 1.526 1.634 3.915 0.221 0.496 31.971 1.861 0.265
