Car 0 0 2.546 742.163 164.732 946.892 235.602 1.526 1.634 3.915 5.060 0.588 15.538 2.860 0.845
Car 0 0 1.715 442.516 182.769 498.069 226.190 1.526 1.634 3.915 -4.895 1.112 25.361 1.524 0.718
Car 0 0 -0.616 1060.594 144.888 1180.635 182.701 1.526 1.634 3.915 20.627 -0.366 29.122 -0.001 0.673
Car 0 0 1.675 532.924 174.845 572.724 209.513 1.526 1.634 3.915 -2.498 0.851 31.764 1.596 0.621
Car 0 0 1.771 501.638 181.422 536.667 213.148 1.526 1.634 3.915 -4.349 1.175 34.710 1.646 0.540
Car 0 0 -0.733 765.833 155.984 841.493 192.444 1.526 1.634 3.915 8.125 0.057 30.203 -0.471 0.507
Car 0 0 -1.780 998.730 147.883 1066.613 181.474 1.505 1.624 3.115 18.954 -0.366 32.323 -1.251 0.444
Car 0 0 1.457 637.657 172.137 684.065 200.462 1.526 1.634 3.915 2.764 0.724 38.877 1.527 0.337
Car 0 0 -1.463 942.146 153.167 988.909 179.542 1.526 1.634 3.915 20.598 -0.376 41.752 -1.005 0.309
Car 0 0 1.557 597.918 177.677 628.107 200.172 1.526 1.634 3.915 0.234 1.090 48.953 1.562 0.283
