Car 0 0 0.688 0.197 193.936 222.216 369.161 1.526 1.634 3.915 -4.341 0.947 6.285 0.084 0.838
Car 0 0 -2.591 28.838 188.975 301.730 287.365 1.526 1.634 3.915 -6.891 1.013 11.192 -3.143 0.794
Car 0 0 -1.977 724.705 170.514 945.686 313.923 1.526 1.634 3.915 2.401 0.738 7.679 -1.674 0.785
Car 0 0 2.076 217.285 161.600 391.884 255.871 1.526 1.634 3.915 -4.937 0.581 11.681 1.675 0.577
Car 0 0 1.809 424.913 172.890 478.394 215.501 1.526 1.634 3.915 -5.656 0.764 25.843 1.593 0.572
Car 0 0 -1.886 676.718 180.047 737.956 241.883 1.526 1.634 3.915 2.413 0.941 17.808 -1.752 0.532
Car 0 0 2.066 364.607 177.768 442.997 242.902 1.526 1.634 3.915 -4.821 0.878 16.907 1.787 0.527
Car 0 0 1.672 632.118 170.573 664.543 201.702 1.526 1.634 3.915 1.901 0.651 35.375 1.725 0.410
Car 0 0 1.783 517.429 170.201 549.094 196.321 1.526 1.634 3.915 -4.458 0.608 42.159 1.677 0.352
Car 0 0 -1.896 722.408 172.412 811.987 277.090 1.526 1.634 3.915 2.298 0.757 10.520 -1.681 0.328
Car 0 0 1.929 471.055 169.092 518.093 207.093 1.526 1.634 3.915 -4.618 0.612 28.979 1.770 0.306
Car 0 0 -1.668 648.551 174.001 683.161 209.038 1.526 1.634 3.915 2.452 0.813 31.430 -1.592 0.281
Car 0 0 0.343 445.930 173.686 496.958 209.812 1.526 1.634 3.915 -5.835 0.798 30.482 0.154 0.250
