Car 0 0 -1.802 679.428 173.208 786.027 257.164 1.526 1.634 3.915 2.239 0.770 13.116 -1.634 0.803
Car 0 0 -2.534 135.321 183.764 336.393 282.628 1.526 1.634 3.915 -5.769 0.932 11.139 -3.013 0.727
Car 0 0 0.276 337.468 168.712 453.602 234.185 1.526 1.634 3.915 -4.989 0.667 16.819 -0.013 0.634
Cyclist 0 0 -2.374 0.310 196.200 202.471 369.641 1.739 0.571 1.833 -5.096 1.104 7.236 -2.988 0.615
Car 0 0 1.912 433.863 173.770 493.827 217.514 1.526 1.634 3.915 -5.084 0.795 25.174 1.712 0.521
Car 0 0 -2.561 302.077 185.623 408.467 257.260 1.526 1.634 3.915 -5.417 1.035 15.372 -2.900 0.487
Car 0 0 1.498 626.068 173.483 652.774 203.604 1.526 1.634 3.915 1.513 0.795 36.559 1.538 0.400
Car 0 0 -1.850 653.318 182.576 689.230 225.442 1.526 1.634 3.915 2.197 1.109 25.689 -1.765 0.319
Car 0 0 -1.712 675.120 177.810 713.175 238.822 1.526 1.634 3.915 2.116 0.887 18.049 -1.595 0.256
Car 0 0 1.600 467.037 176.834 502.561 210.649 1.526 1.634 3.915 -5.631 0.943 32.565 1.427 0.252
