Car 0 0 2.211 0.228 202.189 297.655 375.000 1.526 1.634 3.915 -4.068 1.022 6.372 1.642 0.928
Car 0 0 1.928 281.420 190.262 446.051 290.748 1.526 1.634 3.915 -3.734 1.027 10.959 1.599 0.897
Car 0 0 -0.696 1035.313 127.560 1242.000 220.661 1.526 1.634 3.915 8.673 0.021 11.828 -0.064 0.853
Car 0 0 1.157 726.172 171.782 801.639 218.958 1.526 1.634 3.915 4.993 0.728 23.342 1.366 0.699
Car 0 0 1.886 424.409 186.560 498.331 245.774 1.526 1.634 3.915 -3.819 1.116 18.597 1.683 0.673
Car 0 0 1.216 617.047 169.489 658.481 184.559 1.526 1.634 3.915 2.856 0.422 73.075 1.254 0.528
Car 0 0 1.733 506.554 175.763 554.929 217.705 1.526 1.634 3.915 -2.868 0.869 26.255 1.623 0.526
Car 0 0 1.991 481.397 186.475 520.603 231.457 1.526 1.634 3.915 -3.683 1.225 24.481 1.842 0.482
Car 0 0 1.661 554.778 183.184 571.640 201.591 1.526 1.634 3.915 -3.843 1.620 59.825 1.596 0.465
Car 0 0 1.660 676.105 173.035 706.137 203.395 1.526 1.634 3.915 4.100 0.772 36.272 1.773 0.457
Car 0 0 -1.823 685.967 170.182 726.323 202.953 1.526 1.634 3.915 4.498 0.639 33.603 -1.690 0.393
Car 0 0 -1.581 640.383 177.732 682.401 210.377 1.526 1.634 3.915 2.423 0.991 33.732 -1.510 0.342
Car 0 0 0.520 473.929 185.263 499.282 237.477 1.526 1.634 3.915 -3.594 1.126 21.090 0.350 0.266
