Car 0 0 -1.575 522.982 171.876 735.892 370.359 1.526 1.634 3.915 0.153 0.756 5.548 -1.548 0.850
Car 0 0 1.875 258.529 189.844 349.624 220.347 1.526 1.634 3.915 -15.285 1.613 36.102 1.474 0.760
Car 0 0 -1.002 416.645 168.427 553.043 239.587 1.526 1.634 3.915 -2.675 0.668 15.475 -1.174 0.691
Pedestrian 0 0 2.213 777.296 195.932 822.133 273.630 1.760 0.660 0.932 4.309 1.403 16.349 2.470 0.563
Car 0 0 2.712 949.524 177.621 1086.429 219.614 1.526 1.634 3.915 14.843 0.936 26.223 3.226 0.441
Car 0 0 1.790 374.235 183.244 415.335 207.441 1.526 1.634 3.915 -13.546 1.418 45.509 1.500 0.396
Car 0 0 2.412 881.102 169.734 1013.174 212.082 1.526 1.634 3.915 12.166 0.651 26.003 2.849 0.326
Car 0 0 1.862 178.807 190.858 204.869 205.613 1.526 1.634 3.915 -43.207 2.625 74.631 1.336 0.325
Car 0 0 2.363 695.058 186.662 782.197 248.158 1.515 1.629 3.487 3.179 1.097 17.773 2.539 0.299
Car 0 0 -1.693 548.520 163.053 633.190 195.214 1.526 1.634 3.915 -0.888 0.298 34.240 -1.720 0.277
