Car 0 0 2.347 0.000 188.126 220.615 280.678 1.526 1.634 3.915 -8.233 1.015 11.898 1.741 0.889
Car 0 0 0.367 266.416 179.292 358.082 217.466 1.526 1.634 3.915 -11.886 1.020 28.847 -0.024 0.747
Car 0 0 -2.753 1033.687 276.802 1241.323 373.662 1.526 1.634 3.915 8.319 2.401 11.369 -2.122 0.745
Pedestrian 0 0 -1.794 391.898 171.295 419.056 238.696 1.760 0.660 0.932 -5.331 0.840 18.846 -2.070 0.640
Car 0 0 2.289 522.723 173.279 616.856 211.959 1.526 1.634 3.915 -1.569 0.780 28.470 2.232 0.469
Car 0 0 1.876 212.354 188.333 264.804 210.208 1.526 1.634 3.915 -25.883 1.843 50.342 1.400 0.369
Car 0 0 1.363 615.058 173.388 654.922 202.910 1.526 1.634 3.915 1.315 0.791 37.301 1.397 0.363
Cyclist 0 0 1.962 1007.573 209.014 1118.689 266.895 1.739 0.571 1.833 13.631 1.956 21.684 2.523 0.308
Car 0 0 2.004 1037.257 171.339 1067.093 196.389 1.526 1.634 3.915 26.967 0.671 43.961 2.554 0.304
Pedestrian 0 0 -1.684 414.378 174.476 440.141 229.768 1.760 0.660 0.932 -5.804 0.932 22.974 -1.932 0.283
Car 0 0 1.761 522.825 176.213 570.378 210.223 1.526 1.634 3.915 -2.825 0.914 32.379 1.673 0.278
Car 0 0 2.324 782.082 174.731 837.309 201.095 1.526 1.634 3.915 11.586 0.872 41.770 2.594 0.271
