Car 0 0 -2.269 505.362 162.572 782.926 319.695 1.526 1.634 3.915 0.336 0.663 7.009 -2.221 0.865
Car 0 0 -1.889 369.716 197.492 494.783 261.771 1.526 1.634 3.915 -4.210 1.348 17.132 -2.130 0.824
Car 0 0 1.195 860.987 177.064 976.561 233.101 1.526 1.634 3.915 8.422 0.878 19.651 1.599 0.714
Car 0 0 -1.750 249.424 189.895 317.932 226.909 1.526 1.634 3.915 -13.437 1.466 29.751 -2.175 0.659
Car 0 0 1.615 212.627 182.756 240.392 202.353 1.526 1.634 3.915 -29.831 1.534 56.191 1.126 0.623
Car 0 0 1.047 777.254 173.639 843.349 219.781 1.526 1.634 3.915 6.640 0.789 23.865 1.318 0.599
Car 0 0 1.764 30.019 192.322 88.851 224.225 1.526 1.634 3.915 -26.317 1.694 34.517 1.112 0.583
Car 0 0 1.788 114.987 187.848 144.711 201.995 1.526 1.634 3.915 -51.751 2.381 77.839 1.201 0.561
Car 0 0 -2.602 439.580 175.412 528.601 220.965 1.526 1.634 3.915 -4.204 0.849 24.174 -2.775 0.417
Car 0 0 1.891 242.219 188.260 278.324 220.481 1.526 1.634 3.915 -16.544 1.493 34.177 1.440 0.378
Car 0 0 1.721 145.129 184.178 174.565 197.543 1.526 1.634 3.915 -51.353 2.056 82.393 1.163 0.368
Car 0 0 -0.309 940.708 160.432 1098.434 203.582 1.526 1.634 3.915 14.502 0.324 25.520 0.208 0.268
