Car 0 0 2.235 0.129 213.035 119.154 348.221 1.526 1.634 3.915 -6.208 1.217 8.146 1.583 0.906
Car 0 0 -1.098 814.910 172.364 1022.350 290.743 1.526 1.634 3.915 3.985 0.757 9.302 -0.694 0.880
Car 0 0 -1.647 593.882 179.586 662.550 242.393 1.526 1.634 3.915 0.453 0.927 17.533 -1.622 0.823
Car 0 0 1.781 393.957 181.600 470.729 232.944 1.526 1.634 3.915 -5.268 1.023 21.448 1.539 0.811
Car 0 0 1.758 752.771 188.207 810.879 228.714 1.526 1.634 3.915 6.490 1.342 27.186 1.992 0.587
Car 0 0 2.107 216.631 187.934 323.833 246.609 1.526 1.634 3.915 -8.826 1.155 18.768 1.667 0.584
Car 0 0 -1.578 675.387 183.691 712.476 219.249 1.526 1.634 3.915 3.621 1.228 30.970 -1.463 0.551
Car 0 0 1.877 711.146 180.512 763.766 232.530 1.526 1.634 3.915 3.752 0.988 21.170 2.052 0.547
Car 0 0 2.066 30.050 184.400 175.690 254.473 1.526 1.634 3.915 -11.036 1.015 15.715 1.453 0.534
Car 0 0 1.842 313.558 185.212 363.640 228.392 1.526 1.634 3.915 -9.577 1.200 25.503 1.482 0.411
Car 0 0 1.921 563.070 183.474 595.363 199.171 1.526 1.634 3.915 -2.950 1.796 70.156 1.879 0.258
