Car 0 0 1.763 796.789 194.510 952.309 299.652 1.526 1.634 3.915 3.846 1.077 10.473 2.114 0.853
Car 0 0 2.175 0.513 237.629 201.964 370.575 1.526 1.634 3.915 -5.835 1.507 8.283 1.561 0.792
Pedestrian 0 0 -0.937 979.335 200.500 1076.576 373.138 1.760 0.660 0.932 4.267 1.162 7.358 -0.413 0.749
Car 0 0 1.736 556.534 180.077 605.586 212.304 1.526 1.634 3.915 -1.350 1.105 34.170 1.696 0.672
Car 0 0 -1.568 744.321 193.374 816.299 256.070 1.526 1.634 3.915 4.156 1.263 17.564 -1.336 0.670
Car 0 0 -2.135 933.632 200.853 1241.587 372.403 1.526 1.634 3.915 4.253 1.012 6.419 -1.550 0.575
Car 0 0 1.779 410.519 166.919 551.553 269.946 1.526 1.634 3.915 -1.904 0.675 10.688 1.603 0.553
Car 0 0 -1.643 683.109 183.124 705.995 211.339 1.526 1.634 3.915 4.597 1.319 39.029 -1.527 0.433
Car 0 0 -1.752 732.451 191.465 784.122 241.672 1.526 1.634 3.915 4.521 1.329 21.933 -1.549 0.252
Truck 0 0 1.796 411.162 165.332 553.419 271.532 3.075 2.618 11.229 -3.685 1.320 20.894 1.621 0.252
