Pedestrian 0 0 1.048 770.751 170.719 835.261 335.596 1.760 0.660 0.932 2.124 0.776 7.550 1.323 0.802
Pedestrian 0 0 0.964 713.934 174.709 770.910 337.918 1.760 0.660 0.932 1.492 0.818 7.627 1.156 0.736
Pedestrian 0 0 1.300 519.658 139.303 551.002 247.813 1.760 0.660 0.932 -1.115 0.212 11.471 1.202 0.650
Pedestrian 0 0 1.136 546.462 140.771 578.878 243.069 1.760 0.660 0.932 -0.713 0.196 12.168 1.076 0.634
Truck 0 0 -1.363 0.339 98.413 265.014 362.820 3.086 2.617 11.304 -5.502 0.585 8.253 -1.951 0.513
Pedestrian 0 0 0.870 594.959 147.829 632.197 242.545 1.760 0.660 0.932 0.177 0.273 13.142 0.882 0.493
Cyclist 0 0 -0.809 359.795 176.302 481.119 276.511 1.739 0.571 1.833 -3.187 0.797 12.273 -1.064 0.467
Cyclist 0 0 1.345 255.303 200.271 327.537 303.329 1.739 0.571 1.833 -5.277 1.203 11.934 0.928 0.450
Pedestrian 0 0 -1.852 574.682 141.814 601.833 238.096 1.760 0.660 0.932 -0.289 0.173 12.928 -1.875 0.447
Pedestrian 0 0 -1.780 627.140 150.727 654.292 219.037 1.760 0.660 0.932 0.944 0.113 18.222 -1.729 0.393
Cyclist 0 0 -0.117 293.365 204.452 409.426 296.850 1.739 0.571 1.833 -4.757 1.320 13.311 -0.460 0.331
Pedestrian 0 0 0.643 284.788 145.332 316.605 197.816 1.760 0.660 0.932 -10.177 -0.300 23.717 0.237 0.292
