Car 0 0 2.285 0.431 237.879 186.392 372.401 1.526 1.634 3.915 -5.794 1.414 8.022 1.659 0.889
Car 0 0 2.149 214.296 191.054 322.946 236.052 1.526 1.634 3.915 -11.378 1.121 23.981 1.705 0.730
Car 0 0 -1.627 728.206 168.417 757.068 189.313 1.526 1.634 3.915 10.120 -0.120 51.643 -1.435 0.709
Car 0 0 1.793 448.686 179.865 493.348 210.134 1.526 1.634 3.915 -6.709 0.731 35.651 1.607 0.584
Car 0 0 1.704 673.166 169.426 710.678 195.003 1.526 1.634 3.915 5.242 0.102 42.190 1.826 0.573
Car 0 0 1.951 1102.584 157.138 1142.282 178.528 1.526 1.634 3.915 36.985 -0.904 50.448 2.583 0.444
Car 0 0 1.731 523.285 178.352 556.673 198.171 1.526 1.634 3.915 -4.936 0.597 54.447 1.639 0.442
Car 0 0 2.170 1037.034 157.977 1086.517 178.056 1.526 1.634 3.915 34.789 -0.949 53.742 2.743 0.411
Car 0 0 1.931 891.711 156.075 916.432 172.388 1.526 1.634 3.915 28.066 -1.523 66.149 2.332 0.343
Car 0 0 1.501 1204.241 154.455 1241.041 174.073 1.526 1.634 3.915 48.121 -1.264 55.005 2.220 0.342
Car 0 0 1.991 355.756 182.233 389.319 205.790 1.526 1.634 3.915 -15.001 0.875 45.808 1.674 0.334
Car 0 0 1.639 1169.877 154.641 1205.730 175.560 1.526 1.634 3.915 42.587 -1.124 51.585 2.328 0.303
Car 0 0 1.588 1136.899 155.275 1174.734 176.431 1.526 1.634 3.915 39.801 -1.057 51.005 2.250 0.294
Car 0 0 1.539 495.126 175.085 524.755 202.001 1.527 1.639 4.158 -5.339 0.456 40.101 1.405 0.266
