Car 0 0 2.145 0.000 196.066 116.129 263.744 1.526 1.634 3.915 -12.313 1.114 15.944 1.487 0.839
Car 0 0 -1.200 524.756 170.337 650.660 254.760 1.517 1.630 3.572 -0.294 0.576 12.705 -1.224 0.808
Car 0 0 1.898 382.369 181.102 444.648 218.678 1.526 1.634 3.915 -7.740 0.787 28.718 1.634 0.739
Car 0 0 1.625 496.793 178.084 531.979 202.181 1.526 1.634 3.915 -5.681 0.610 44.782 1.498 0.557
Car 0 0 -1.657 730.416 171.334 754.546 187.783 1.526 1.634 3.915 12.841 -0.088 65.602 -1.465 0.555
Car 0 0 -1.222 589.890 169.366 653.643 250.210 1.526 1.634 3.915 0.334 0.553 13.348 -1.198 0.488
Car 0 0 -1.661 355.470 183.644 386.878 216.388 1.526 1.634 3.915 -10.856 0.909 32.956 -1.980 0.465
Car 0 0 2.104 1036.663 158.014 1086.417 178.291 1.526 1.634 3.915 34.432 -0.930 53.217 2.678 0.446
Car 0 0 1.962 1102.646 156.955 1142.743 178.620 1.526 1.634 3.915 36.534 -0.896 49.808 2.594 0.400
Car 0 0 -1.647 685.903 171.681 710.995 189.058 1.526 1.634 3.915 8.288 -0.012 62.100 -1.515 0.362
Car 0 0 1.458 1203.849 153.326 1241.093 173.501 1.526 1.634 3.915 46.777 -1.293 53.484 2.177 0.345
Car 0 0 1.885 891.729 156.077 916.093 172.444 1.526 1.634 3.915 27.958 -1.515 65.929 2.285 0.317
Car 0 0 1.792 460.796 189.961 497.710 208.666 1.526 1.634 3.915 -10.185 1.535 57.689 1.617 0.315
Car 0 0 1.608 1136.017 155.005 1175.592 176.719 1.526 1.634 3.915 38.779 -1.029 49.696 2.270 0.314
Car 0 0 1.637 1169.883 154.615 1205.250 175.386 1.526 1.634 3.915 42.873 -1.139 51.953 2.327 0.261
