Car 0 0 -1.949 730.858 179.286 925.839 301.270 1.526 1.634 3.915 2.737 0.844 9.027 -1.655 0.895
Car 0 0 1.587 508.890 170.279 545.157 197.770 1.526 1.634 3.915 -4.582 0.620 40.056 1.473 0.604
Car 0 0 2.020 700.359 178.851 753.281 208.857 1.526 1.634 3.915 5.964 1.068 36.699 2.180 0.571
Car 0 0 1.681 621.264 176.727 653.941 199.451 1.526 1.634 3.915 1.883 1.023 48.459 1.719 0.492
Car 0 0 1.321 433.672 168.841 508.955 210.668 1.526 1.634 3.915 -5.044 0.617 26.328 1.131 0.464
Car 0 0 2.158 0.000 184.363 220.900 368.684 1.514 1.628 3.446 -4.099 0.851 5.925 1.553 0.414
Car 0 0 0.475 248.323 180.480 452.324 247.616 1.526 1.634 3.915 -5.893 0.936 16.403 0.130 0.397
Car 0 0 0.482 368.181 181.135 452.582 248.766 1.526 1.634 3.915 -4.495 0.950 16.282 0.212 0.378
Car 0 0 -1.282 412.150 179.615 476.720 226.677 1.526 1.634 3.915 -5.355 0.982 23.399 -1.507 0.349
Car 0 0 1.637 599.957 173.151 626.793 193.662 1.526 1.634 3.915 0.284 0.785 53.689 1.641 0.331
