Car 0 0 -2.101 801.775 203.865 1242.000 375.000 1.526 1.634 3.915 3.726 0.971 6.305 -1.568 0.922
Car 0 0 -1.716 657.387 174.337 704.510 216.423 1.526 1.634 3.915 2.787 0.539 25.640 -1.609 0.797
Car 0 0 -1.832 696.415 176.765 803.276 263.237 1.526 1.634 3.915 2.573 0.697 12.479 -1.630 0.560
Car 0 0 -2.645 304.896 164.962 425.430 231.429 1.526 1.634 3.915 -5.486 0.406 16.235 -2.971 0.499
Car 0 0 0.342 405.624 173.074 491.219 221.880 1.526 1.634 3.915 -4.868 0.531 22.110 0.124 0.478
Car 0 0 0.535 274.041 170.906 399.398 257.385 1.526 1.634 3.915 -4.718 0.594 12.478 0.173 0.387
Car 0 0 0.265 482.902 170.794 522.217 202.286 1.526 1.634 3.915 -4.920 0.292 34.266 0.122 0.385
Car 0 0 1.810 521.380 171.363 558.911 192.242 1.526 1.634 3.915 -4.673 0.095 51.683 1.720 0.361
Car 0 0 2.272 452.101 174.195 511.237 212.596 1.526 1.634 3.915 -4.865 0.512 28.100 2.100 0.354
Car 0 0 -1.587 621.130 171.038 644.249 191.653 1.526 1.634 3.915 2.118 0.062 52.346 -1.547 0.311
