Car 0 0 -1.947 744.466 176.751 942.612 309.822 1.526 1.634 3.915 2.684 0.808 8.275 -1.634 0.912
Car 0 0 -1.619 507.718 183.804 642.574 299.932 1.526 1.634 3.915 -0.452 0.907 9.483 -1.667 0.889
Car 0 0 -1.802 682.325 179.074 770.300 253.427 1.526 1.634 3.915 2.396 0.891 14.810 -1.642 0.763
Car 0 0 -1.687 654.001 177.129 703.598 225.343 1.526 1.634 3.915 2.192 0.898 22.840 -1.592 0.527
Car 0 0 -1.787 605.180 170.690 646.425 220.521 1.526 1.634 3.915 0.497 0.697 22.099 -1.766 0.357
Car 0 0 1.884 377.089 181.014 403.809 201.818 1.526 1.634 3.915 -16.074 1.362 52.933 1.589 0.350
Car 0 0 0.205 245.194 184.846 304.693 208.543 1.526 1.634 3.915 -21.551 1.535 46.470 -0.231 0.344
Car 0 0 0.655 66.102 184.709 144.767 214.937 1.526 1.634 3.915 -25.453 1.362 36.430 0.045 0.298
Car 0 0 -1.869 640.736 171.319 675.662 204.058 1.526 1.634 3.915 2.267 0.692 33.636 -1.802 0.258
Car 0 0 1.579 162.720 188.146 191.989 208.186 1.526 1.634 3.915 -32.915 1.928 54.950 1.039 0.257
