Car 0 0 -2.308 345.884 180.770 469.664 250.811 1.526 1.634 3.915 -4.397 0.936 15.722 -2.581 0.882
Car 0 0 -1.815 695.973 188.185 779.005 241.516 1.526 1.634 3.915 3.661 1.202 20.649 -1.640 0.849
Car 0 0 -1.950 161.532 190.015 366.014 298.132 1.526 1.634 3.915 -4.881 1.005 10.185 -2.398 0.845
Car 0 0 -1.626 571.037 182.784 630.144 229.016 1.526 1.634 3.915 -0.296 1.091 23.819 -1.639 0.806
Car 0 0 -1.803 94.873 180.681 188.030 233.345 1.526 1.634 3.915 -13.565 0.990 20.910 -2.379 0.659
Car 0 0 -1.783 455.306 170.639 514.092 209.420 1.526 1.634 3.915 -4.914 0.676 28.395 -1.956 0.629
Car 0 0 1.194 7.133 176.675 46.222 230.011 1.510 1.644 4.040 -16.502 0.863 20.427 0.514 0.531
Car 0 0 0.040 1048.307 301.070 1239.975 373.143 1.526 1.634 3.915 11.320 3.478 15.279 0.677 0.426
Car 0 0 2.203 2.754 176.012 185.698 236.222 1.526 1.634 3.915 -13.063 0.843 18.289 1.583 0.371
Car 0 0 1.995 150.665 186.734 257.561 252.402 1.526 1.634 3.915 -9.423 1.086 16.769 1.483 0.345
Car 0 0 1.538 520.481 176.710 543.626 199.774 1.526 1.634 3.915 -5.129 1.018 47.745 1.431 0.278
