Car 0 0 -2.279 871.406 226.079 1241.858 373.314 1.526 1.634 3.915 4.634 1.315 7.479 -1.725 0.909
Car 0 0 -2.411 0.000 156.145 208.273 368.916 1.526 1.634 3.915 -3.625 0.643 5.176 -3.022 0.795
Car 0 0 0.507 183.645 193.634 360.975 280.397 1.526 1.634 3.915 -5.932 1.129 12.692 0.069 0.764
Car 0 0 -1.811 691.926 177.640 807.419 266.889 1.526 1.634 3.915 2.396 0.845 12.339 -1.620 0.763
Car 0 0 -2.438 264.399 184.838 413.190 253.962 1.526 1.634 3.915 -5.978 1.028 15.931 -2.797 0.676
Car 0 0 -1.644 399.271 181.396 457.324 229.839 1.497 1.621 2.825 -5.602 1.013 22.299 -1.891 0.574
Car 0 0 1.419 665.823 181.737 704.082 236.502 1.526 1.634 3.915 2.101 1.011 20.108 1.522 0.534
Car 0 0 -2.283 184.990 223.040 288.328 311.167 1.526 1.634 3.915 -6.458 1.632 12.496 -2.761 0.534
Car 0 0 1.526 495.785 173.796 543.870 204.353 1.526 1.634 3.915 -4.482 0.810 36.039 1.401 0.409
Car 0 0 -1.185 369.063 185.670 416.419 237.493 1.526 1.634 3.915 -6.385 1.141 21.249 -1.478 0.323
Car 0 0 1.505 541.816 174.926 568.638 197.152 1.526 1.634 3.915 -3.731 0.905 49.547 1.430 0.293
Car 0 0 -1.723 442.152 172.568 494.359 193.088 1.526 1.634 3.915 -10.510 0.742 53.665 -1.917 0.288
