Car 0 0 1.267 752.516 172.960 853.766 230.367 1.526 1.634 3.915 5.146 0.766 19.182 1.529 0.881
Car 0 0 1.999 371.402 194.024 475.596 275.476 1.526 1.634 3.915 -3.486 1.160 13.520 1.746 0.872
Car 0 0 2.047 56.957 198.853 393.006 364.319 1.526 1.634 3.915 -3.547 1.003 6.655 1.556 0.862
Car 0 0 -1.182 603.316 172.314 644.079 190.316 1.526 1.634 3.915 1.199 0.717 61.172 -1.163 0.689
Car 0 0 1.819 455.028 187.758 517.218 244.842 1.526 1.634 3.915 -3.300 1.162 19.291 1.649 0.667
Car 0 0 1.776 511.952 185.404 553.441 226.926 1.526 1.634 3.915 -2.825 1.224 26.521 1.669 0.617
Car 0 0 -1.518 656.487 182.504 702.467 215.647 1.526 1.634 3.915 3.220 1.207 33.226 -1.422 0.608
Car 0 0 -2.129 1211.824 138.324 1241.457 216.020 1.526 1.634 3.915 12.121 0.085 14.173 -1.422 0.522
Car 0 0 -1.756 719.726 174.906 750.292 209.137 1.526 1.634 3.915 5.593 0.855 32.170 -1.584 0.431
Car 0 0 1.584 560.946 185.733 575.370 209.551 1.526 1.634 3.915 -2.653 1.588 46.235 1.527 0.318
