Car 0 0 -2.230 0.000 197.931 290.294 369.760 1.526 1.634 3.915 -4.076 0.918 6.280 -2.806 0.885
Car 0 0 -2.158 202.556 191.675 382.968 306.670 1.526 1.634 3.915 -4.132 0.911 9.384 -2.574 0.851
Pedestrian 0 0 -1.829 890.633 183.635 951.772 318.939 1.760 0.660 0.932 4.126 0.921 9.200 -1.408 0.827
Car 0 0 -1.632 585.728 190.436 638.468 230.511 1.526 1.634 3.915 0.305 1.141 26.926 -1.620 0.736
Car 0 0 1.610 644.000 175.812 677.295 207.669 1.526 1.634 3.915 2.710 0.538 33.873 1.688 0.607
Car 0 0 1.665 517.453 179.434 557.132 217.209 1.526 1.634 3.915 -2.698 0.720 28.566 1.570 0.497
Car 0 0 1.613 556.705 182.675 581.098 209.091 1.526 1.634 3.915 -2.033 0.888 40.850 1.562 0.435
Car 0 0 2.321 0.000 179.759 90.944 253.821 1.526 1.634 3.915 -11.511 0.748 14.570 1.652 0.386
Car 0 0 -2.245 370.783 153.650 526.973 243.618 1.526 1.634 3.915 -2.633 0.308 11.994 -2.462 0.368
Car 0 0 -2.203 368.157 182.998 472.849 239.463 1.526 1.634 3.915 -4.962 0.830 19.111 -2.458 0.265
