Car 0 0 1.869 371.737 180.515 410.607 201.768 1.526 1.634 3.915 -15.683 1.313 51.814 1.575 0.628
Car 0 0 1.703 458.412 177.495 484.814 193.961 1.526 1.634 3.915 -12.785 1.193 66.874 1.513 0.596
Car 0 0 1.744 412.058 179.288 443.718 198.662 1.526 1.634 3.915 -14.311 1.270 56.840 1.496 0.579
Car 0 0 1.454 226.964 189.407 270.712 218.790 1.526 1.634 3.915 -18.736 1.623 37.477 0.989 0.454
Car 0 0 2.026 181.451 199.830 222.665 221.306 1.526 1.634 3.915 -28.960 2.680 51.277 1.512 0.394
Car 0 0 2.059 754.598 184.798 792.687 202.109 1.526 1.634 3.915 14.466 1.816 63.612 2.281 0.378
Car 0 0 1.933 493.626 175.861 514.018 190.029 1.526 1.634 3.915 -11.390 1.087 77.727 1.786 0.364
Car 0 0 2.082 722.184 185.603 752.447 200.080 1.526 1.634 3.915 13.469 2.107 76.068 2.257 0.319
Car 0 0 2.008 0.000 166.363 91.775 230.252 1.526 1.634 3.915 -13.465 0.608 17.236 1.344 0.307
Car 0 0 2.173 271.767 183.727 308.880 201.560 1.526 1.634 3.915 -27.321 1.694 61.750 1.756 0.280
