Car 0 0 2.078 0.530 197.037 194.193 305.838 1.526 1.634 3.915 -7.185 1.102 10.121 1.461 0.838
Car 0 0 1.674 451.790 178.385 507.153 216.173 1.526 1.634 3.915 -5.254 0.987 29.142 1.495 0.688
Car 0 0 2.198 347.293 180.832 414.266 220.047 1.526 1.634 3.915 -8.904 1.074 28.082 1.889 0.647
Car 0 0 1.480 178.249 194.906 247.183 259.917 1.526 1.634 3.915 -9.316 1.281 16.939 0.977 0.535
Car 0 0 1.820 283.054 190.753 336.160 237.553 1.526 1.634 3.915 -9.782 1.347 23.530 1.425 0.527
Car 0 0 1.986 226.209 190.504 291.825 250.328 1.526 1.634 3.915 -8.943 1.213 18.407 1.534 0.523
Car 0 0 -1.765 657.233 165.658 706.328 196.610 1.526 1.634 3.915 3.561 0.408 35.578 -1.667 0.495
Car 0 0 -1.608 631.112 161.001 660.306 191.379 1.526 1.634 3.915 1.816 0.168 36.250 -1.559 0.479
Car 0 0 2.625 1069.611 139.436 1229.441 178.144 1.526 1.634 3.915 21.290 -0.555 28.449 3.267 0.393
Car 0 0 1.850 1045.053 140.025 1093.747 167.570 1.526 1.634 3.915 25.478 -1.056 39.978 2.417 0.367
Car 0 0 1.800 296.401 187.545 362.377 233.879 1.526 1.634 3.915 -9.229 1.247 23.767 1.429 0.314
Car 0 0 1.412 412.769 186.759 453.310 212.181 1.526 1.634 3.915 -10.597 1.598 43.316 1.172 0.307
