Car 0 0 -1.669 664.534 174.266 721.224 223.609 1.526 1.634 3.915 2.577 0.807 22.317 -1.556 0.803
Car 0 0 -2.566 214.856 163.526 368.837 264.419 1.526 1.634 3.915 -4.806 0.622 10.915 -2.982 0.763
Car 0 0 0.569 0.250 183.016 309.189 309.482 1.526 1.634 3.915 -5.489 0.886 8.707 0.006 0.750
Car 0 0 -1.903 723.769 176.088 890.361 303.728 1.526 1.634 3.915 2.362 0.802 8.627 -1.636 0.737
Car 0 0 0.427 364.661 175.241 490.928 231.928 1.526 1.634 3.915 -4.894 0.827 19.426 0.179 0.680
Car 0 0 2.068 431.252 175.875 494.650 217.323 1.526 1.634 3.915 -5.398 0.874 26.568 1.866 0.521
Car 0 0 -2.268 0.180 204.918 108.623 373.166 1.501 1.623 2.985 -4.954 1.037 6.439 -2.925 0.452
Car 0 0 1.812 512.559 172.081 556.247 196.399 1.526 1.634 3.915 -4.717 0.715 45.284 1.708 0.416
Car 0 0 -1.872 714.924 174.281 754.190 211.748 1.526 1.634 3.915 5.092 0.821 29.391 -1.702 0.355
Car 0 0 -1.683 622.561 174.163 654.550 195.244 1.526 1.634 3.915 2.099 0.858 52.235 -1.644 0.315
