Car 0 0 -2.222 967.289 205.500 1241.237 363.462 1.526 1.634 3.915 4.780 1.079 6.971 -1.622 0.915
Car 0 0 -2.507 0.733 186.893 305.735 304.434 1.526 1.634 3.915 -5.925 0.945 9.369 -3.072 0.871
Car 0 0 -0.355 833.373 194.544 1037.044 264.357 1.526 1.634 3.915 7.119 1.237 15.774 0.069 0.864
Car 0 0 -0.900 220.484 184.640 397.631 273.795 1.526 1.634 3.915 -5.144 0.965 12.351 -1.295 0.734
Car 0 0 0.509 345.861 182.714 463.020 247.762 1.526 1.634 3.915 -4.813 0.994 16.929 0.232 0.642
Car 0 0 0.261 474.836 177.943 528.255 210.437 1.526 1.634 3.915 -5.073 1.002 33.889 0.111 0.593
Car 0 0 -1.390 713.869 183.461 791.496 226.519 1.526 1.634 3.915 5.073 1.139 25.575 -1.195 0.491
Car 0 0 -1.865 805.483 184.529 899.875 249.868 1.526 1.634 3.915 5.679 1.036 16.854 -1.541 0.481
Car 0 0 1.666 537.350 177.280 569.794 203.648 1.526 1.634 3.915 -3.241 1.019 41.763 1.587 0.419
Car 0 0 -1.711 637.829 181.523 674.703 208.735 1.526 1.634 3.915 2.620 1.249 40.467 -1.647 0.410
Car 0 0 -2.129 440.901 176.049 494.990 219.018 1.526 1.634 3.915 -5.030 0.877 25.628 -2.324 0.378
Car 0 0 1.971 395.766 176.846 473.309 222.896 1.526 1.634 3.915 -5.800 0.895 23.913 1.732 0.314
Car 0 0 2.068 307.179 183.127 401.144 252.991 1.526 1.634 3.915 -5.579 0.988 15.762 1.728 0.274
