Car 0 0 -2.294 953.278 194.026 1240.161 372.580 1.526 1.634 3.915 4.164 0.944 6.167 -1.701 0.903
Car 0 0 -1.110 222.276 188.663 417.684 305.795 1.526 1.634 3.915 -3.773 0.969 9.401 -1.493 0.847
Car 0 0 -0.855 0.237 192.387 183.248 305.913 1.526 1.634 3.915 -6.961 1.026 9.700 -1.479 0.686
Car 0 0 -1.630 437.404 192.757 495.134 235.582 1.526 1.634 3.915 -5.107 1.472 25.714 -1.827 0.546
Truck 0 0 -0.906 184.175 168.565 303.314 251.802 3.075 2.618 11.229 -13.516 1.379 26.658 -1.376 0.504
Car 0 0 1.577 639.738 172.315 665.044 201.915 1.526 1.634 3.915 2.208 0.735 37.202 1.636 0.418
Car 0 0 -1.681 590.961 179.874 635.025 215.086 1.526 1.634 3.915 0.149 1.067 31.274 -1.677 0.389
Car 0 0 -0.922 184.212 169.427 305.190 254.738 1.526 1.634 3.915 -6.527 0.702 12.908 -1.391 0.382
Car 0 0 -1.726 411.193 183.361 449.688 214.050 1.526 1.634 3.915 -8.908 1.286 35.883 -1.970 0.321
Car 0 0 -1.533 496.752 181.055 533.159 220.698 1.526 1.634 3.915 -3.642 1.079 27.778 -1.665 0.316
Car 0 0 1.999 366.636 170.654 409.428 213.509 1.526 1.634 3.915 -7.889 0.685 25.696 1.701 0.266
