Car 0 0 -2.109 0.159 185.162 261.613 362.308 1.526 1.634 3.915 -4.124 0.869 6.216 -2.695 0.847
Car 0 0 -1.819 397.319 165.985 479.191 239.907 1.526 1.634 3.915 -3.537 0.621 14.897 -2.052 0.735
Car 0 0 -1.672 577.569 180.507 635.499 221.496 1.526 1.634 3.915 -0.113 1.048 26.866 -1.677 0.715
Car 0 0 -2.255 125.036 152.529 410.099 301.657 1.526 1.634 3.915 -3.500 0.555 7.384 -2.698 0.671
Car 0 0 -1.721 458.953 167.711 497.111 215.682 1.526 1.634 3.915 -4.185 0.599 22.956 -1.902 0.579
Car 0 0 -1.681 509.031 173.631 538.657 208.653 1.526 1.634 3.915 -3.735 0.797 31.443 -1.800 0.484
Car 0 0 1.713 537.241 173.951 566.423 197.486 1.523 1.636 3.942 -3.735 0.832 46.683 1.632 0.433
Car 0 0 -1.775 652.885 160.628 706.863 208.580 1.526 1.634 3.915 2.238 0.374 22.965 -1.679 0.397
Car 0 0 1.437 622.818 173.697 649.872 194.783 1.526 1.634 3.915 1.939 0.824 52.225 1.474 0.332
Car 0 0 1.887 490.098 170.017 529.120 205.669 1.526 1.634 3.915 -4.279 0.642 30.887 1.748 0.303
