Car 0 0 -2.144 173.579 171.350 393.755 302.046 1.526 1.634 3.915 -3.806 0.746 8.426 -2.569 0.885
Car 0 0 -1.774 717.204 185.844 806.996 246.833 1.526 1.634 3.915 3.817 1.088 18.056 -1.566 0.847
Car 0 0 -1.805 360.817 177.569 446.643 261.764 1.526 1.634 3.915 -3.731 0.849 13.079 -2.084 0.800
Car 0 0 2.155 0.000 160.569 185.365 255.927 1.526 1.634 3.915 -8.273 0.566 11.548 1.533 0.762
Car 0 0 1.609 586.773 183.730 652.963 230.840 1.526 1.634 3.915 0.334 1.115 23.375 1.622 0.719
Car 0 0 -1.655 694.812 171.824 752.610 223.202 1.526 1.634 3.915 3.391 0.733 21.433 -1.499 0.685
Car 0 0 -2.068 475.949 178.437 533.796 225.514 1.526 1.634 3.915 -3.394 0.944 23.392 -2.213 0.605
Car 0 0 -2.046 399.687 179.048 490.578 243.000 1.526 1.634 3.915 -3.924 0.911 17.219 -2.270 0.570
Car 0 0 -1.689 541.238 176.066 567.984 202.122 1.526 1.634 3.915 -3.218 0.951 42.262 -1.766 0.517
Truck 0 0 -1.961 799.040 139.362 1130.316 356.722 3.075 2.618 11.229 5.024 1.064 10.209 -1.504 0.413
Car 0 0 -1.790 516.526 174.020 562.650 199.386 1.526 1.634 3.915 -4.210 0.833 43.413 -1.887 0.409
Car 0 0 1.586 577.857 168.500 601.707 190.921 1.526 1.634 3.915 -1.346 0.467 49.116 1.558 0.300
