Car 0 0 -2.206 179.657 181.337 383.646 282.527 1.526 1.634 3.915 -4.946 0.891 10.882 -2.634 0.873
Car 0 0 -2.823 1011.084 232.739 1241.447 371.556 1.526 1.634 3.915 5.681 1.421 7.933 -2.202 0.868
Car 0 0 -1.627 583.343 178.278 640.682 224.944 1.526 1.634 3.915 0.080 0.940 23.597 -1.623 0.845
Car 0 0 -1.936 362.970 182.234 453.832 256.851 1.526 1.634 3.915 -4.114 0.955 14.758 -2.208 0.808
Car 0 0 2.255 0.516 178.717 123.007 255.000 1.526 1.634 3.915 -10.960 0.880 14.436 1.605 0.765
Car 0 0 -2.213 425.210 177.120 515.291 226.148 1.526 1.634 3.915 -4.336 0.896 22.460 -2.404 0.715
Car 0 0 -2.078 814.253 159.518 1088.676 329.751 1.526 1.634 3.915 3.065 0.644 6.469 -1.636 0.700
Car 0 0 1.568 633.815 167.821 658.485 197.195 1.526 1.634 3.915 1.901 0.502 37.489 1.619 0.472
Car 0 0 -1.041 489.526 158.594 568.528 205.752 1.526 1.634 3.915 -2.606 0.302 23.351 -1.152 0.456
Pedestrian 0 0 1.497 713.332 166.865 733.187 224.994 1.760 0.660 0.932 3.444 0.699 21.853 1.653 0.445
Car 0 0 1.628 547.614 168.957 576.863 200.802 1.526 1.634 3.915 -2.268 0.576 34.581 1.562 0.377
Car 0 0 1.713 530.010 161.826 567.739 203.985 1.511 1.627 3.359 -2.176 0.360 25.867 1.628 0.342
Car 0 0 1.987 170.459 184.023 225.594 258.753 1.526 1.634 3.915 -8.405 0.991 14.736 1.469 0.289
