Car 0 0 -1.971 802.063 188.338 1156.264 373.649 1.526 1.634 3.915 3.044 0.891 5.942 -1.498 0.898
Car 0 0 -1.748 674.973 183.154 754.279 237.031 1.526 1.634 3.915 2.976 1.055 20.439 -1.604 0.807
Car 0 0 0.203 1012.268 310.369 1241.307 372.580 1.526 1.634 3.915 12.689 4.137 17.701 0.824 0.662
Car 0 0 1.732 425.371 182.735 467.357 214.768 1.526 1.634 3.915 -7.775 1.234 34.377 1.509 0.577
Car 0 0 -1.596 586.460 178.634 617.891 205.023 1.526 1.634 3.915 -0.427 1.097 41.730 -1.606 0.565
Car 0 0 1.884 329.548 193.526 381.943 236.790 1.526 1.634 3.915 -8.954 1.492 25.453 1.545 0.548
Car 0 0 1.535 636.879 178.360 665.552 200.113 1.526 1.634 3.915 2.923 1.149 50.625 1.593 0.511
Car 0 0 -1.696 658.167 187.034 684.024 223.091 1.526 1.634 3.915 2.605 1.363 30.541 -1.611 0.342
Car 0 0 1.554 376.233 183.885 416.245 230.093 1.526 1.634 3.915 -7.046 1.127 23.831 1.266 0.309
Pedestrian 0 0 1.162 763.771 179.499 786.342 232.650 1.760 0.660 0.932 5.482 1.100 23.899 1.388 0.281
