Car 0 0 -2.339 923.492 187.784 1221.263 296.152 1.526 1.634 3.915 6.518 0.973 10.162 -1.769 0.888
Car 0 0 1.987 334.863 189.312 450.615 246.998 1.526 1.634 3.915 -5.736 1.199 19.090 1.694 0.792
Car 0 0 2.143 221.898 199.697 318.453 289.945 1.526 1.634 3.915 -5.739 1.217 12.202 1.703 0.718
Car 0 0 -1.875 659.735 185.387 735.921 233.504 1.526 1.634 3.915 2.800 1.161 22.886 -1.755 0.684
Car 0 0 -1.740 465.633 178.966 529.103 214.981 1.526 1.634 3.915 -4.754 1.022 30.576 -1.895 0.670
Truck 0 0 -2.504 0.002 158.504 247.423 373.041 3.075 2.618 11.229 -6.964 1.332 10.343 -3.097 0.523
Car 0 0 -2.435 402.545 186.540 476.463 233.484 1.526 1.634 3.915 -5.529 1.208 23.458 -2.667 0.517
Car 0 0 -1.738 635.613 181.937 673.127 214.627 1.526 1.634 3.915 2.092 1.187 33.686 -1.677 0.481
Car 0 0 -2.383 267.315 195.207 363.908 269.526 1.526 1.634 3.915 -6.036 1.222 14.817 -2.770 0.476
Car 0 0 -1.772 457.415 182.224 499.755 213.922 1.526 1.634 3.915 -6.306 1.214 34.740 -1.952 0.354
