Car 0 0 -2.416 0.100 163.614 243.191 346.697 1.526 1.634 3.915 -4.067 0.686 6.015 -3.011 0.895
Car 0 0 0.514 339.927 179.651 432.660 239.781 1.526 1.634 3.915 -5.667 0.936 18.314 0.213 0.748
Car 0 0 0.485 226.511 171.681 400.974 259.895 1.526 1.634 3.915 -5.118 0.743 12.483 0.095 0.727
Car 0 0 -2.312 211.394 177.858 307.774 276.750 1.526 1.634 3.915 -5.401 0.840 11.135 -2.764 0.640
Car 0 0 2.399 988.509 166.169 1181.486 224.230 1.526 1.634 3.915 12.497 0.587 18.966 2.981 0.571
Car 0 0 -2.206 1156.908 155.763 1241.714 266.643 1.526 1.634 3.915 8.118 0.528 9.931 -1.521 0.522
Car 0 0 0.340 468.895 179.098 538.886 209.864 1.526 1.634 3.915 -5.242 1.073 35.793 0.193 0.384
Car 0 0 -3.258 663.745 169.198 728.977 213.555 1.526 1.634 3.915 2.987 0.637 24.826 -3.139 0.340
Car 0 0 1.297 516.015 172.122 551.788 200.994 1.526 1.634 3.915 -3.999 0.724 38.142 1.192 0.270
Car 0 0 -1.874 1092.592 168.057 1182.125 214.280 1.526 1.634 3.915 17.427 0.605 23.824 -1.243 0.251
