Pedestrian 0 0 0.697 587.070 153.074 706.897 370.000 1.760 0.660 0.932 0.348 0.658 5.738 0.756 0.839
Pedestrian 0 0 0.828 672.076 148.875 753.047 368.355 1.760 0.660 0.932 0.870 0.627 5.671 0.979 0.838
Truck 0 0 -1.384 0.310 95.462 261.835 363.546 3.075 2.618 11.229 -5.426 0.562 8.111 -1.974 0.701
Pedestrian 0 0 2.431 310.897 141.828 372.727 321.246 1.760 0.660 0.932 -2.573 0.501 6.938 2.075 0.608
Pedestrian 0 0 1.300 509.112 145.426 528.560 207.806 1.760 0.660 0.932 -2.406 -0.110 19.955 1.179 0.571
Cyclist 0 0 -1.017 375.788 174.202 482.299 271.774 1.739 0.571 1.833 -3.120 0.757 12.605 -1.260 0.449
Pedestrian 0 0 2.099 540.779 141.769 560.403 197.030 1.760 0.660 0.932 -1.704 -0.354 22.525 2.023 0.392
Pedestrian 0 0 0.361 246.592 130.985 316.914 325.690 1.760 0.660 0.932 -2.914 0.432 6.393 -0.068 0.351
Pedestrian 0 0 -1.327 565.593 142.410 585.942 197.314 1.760 0.660 0.932 -0.908 -0.341 22.672 -1.368 0.336
Pedestrian 0 0 2.221 258.983 130.052 299.338 218.783 1.760 0.660 0.932 -6.447 -0.121 14.028 1.790 0.331
