Car 0 0 -2.130 906.525 202.865 1241.330 370.692 1.526 1.634 3.915 4.223 1.036 6.561 -1.559 0.913
Car 0 0 2.081 160.895 184.319 440.753 346.882 1.526 1.634 3.915 -2.898 0.871 6.774 1.676 0.904
Car 0 0 -1.809 777.393 192.698 969.856 303.692 1.526 1.634 3.915 3.631 1.036 9.921 -1.459 0.834
Car 0 0 2.074 927.871 158.539 1072.161 230.907 1.526 1.634 3.915 8.234 0.461 15.217 2.570 0.710
Car 0 0 1.737 519.388 177.508 560.882 223.209 1.526 1.634 3.915 -2.318 0.919 24.096 1.641 0.639
Car 0 0 2.310 786.220 151.030 947.137 209.617 1.526 1.634 3.915 6.698 0.195 18.796 2.651 0.439
Truck 0 0 1.929 381.741 155.181 531.249 265.808 3.075 2.618 11.229 -4.255 1.046 20.058 1.720 0.355
Car 0 0 2.227 1005.214 154.474 1240.837 236.909 1.526 1.634 3.915 9.506 0.423 13.359 2.845 0.314
Car 0 0 2.312 1121.806 152.286 1241.143 202.000 1.526 1.634 3.915 17.557 0.132 22.151 2.982 0.298
Car 0 0 2.335 110.574 202.601 162.774 221.436 1.526 1.634 3.915 -38.317 3.173 58.465 1.754 0.250
