Car 0 0 2.082 1.142 222.524 245.746 373.169 1.526 1.634 3.915 -4.925 1.266 7.310 1.489 0.925
Car 0 0 1.769 350.503 204.272 487.221 296.822 1.526 1.634 3.915 -3.145 1.281 11.899 1.509 0.865
Car 0 0 1.974 221.434 208.168 359.346 303.326 1.526 1.634 3.915 -5.119 1.329 11.572 1.557 0.846
Cyclist 0 0 -2.314 864.322 238.779 1004.154 322.033 1.739 0.571 1.833 6.784 2.247 15.075 -1.891 0.762
Pedestrian 0 0 2.615 898.656 192.804 964.210 318.594 1.760 0.660 0.932 4.505 1.159 10.098 3.035 0.682
Car 0 0 1.724 452.245 181.452 529.085 254.010 1.526 1.634 3.915 -2.501 0.944 15.177 1.560 0.650
Pedestrian 0 0 1.027 828.415 200.293 868.549 285.167 1.760 0.660 0.932 4.956 1.449 14.966 1.346 0.590
Car 0 0 -1.446 1190.177 212.732 1241.631 279.459 1.526 1.634 3.915 13.868 1.675 16.503 -0.747 0.578
Cyclist 0 0 2.250 793.891 227.164 912.786 309.934 1.739 0.571 1.833 5.123 2.011 15.163 2.575 0.543
Pedestrian 0 0 1.927 111.762 196.107 149.597 226.303 1.760 0.660 0.932 -27.920 2.236 42.067 1.341 0.485
Car 0 0 -0.246 636.800 187.672 708.071 223.481 1.526 1.634 3.915 2.680 1.395 30.752 -0.160 0.451
Car 0 0 1.680 614.585 186.880 644.778 212.813 1.526 1.634 3.915 1.184 1.589 42.463 1.707 0.431
Car 0 0 1.665 532.450 191.854 564.886 217.843 1.526 1.634 3.915 -3.576 1.879 42.371 1.580 0.344
Car 0 0 1.692 545.569 186.634 574.136 212.878 1.526 1.634 3.915 -2.891 1.564 41.959 1.622 0.298
Car 0 0 1.509 598.385 183.895 620.501 208.550 1.526 1.634 3.915 -0.007 1.447 44.663 1.508 0.280
