Car 0 0 -2.539 0.833 181.988 240.106 309.556 1.526 1.634 3.915 -5.851 0.872 8.632 -3.135 0.852
Truck 0 0 -1.916 706.482 81.530 986.057 301.953 3.075 2.618 11.229 3.303 0.264 10.067 -1.600 0.813
Car 0 0 0.589 173.470 180.898 366.414 276.122 1.526 1.634 3.915 -5.443 0.892 11.564 0.148 0.752
Car 0 0 -1.662 653.697 180.964 711.389 219.977 1.526 1.634 3.915 2.855 1.080 28.227 -1.562 0.589
Car 0 0 -2.699 272.486 185.434 408.011 239.709 1.526 1.634 3.915 -7.573 1.117 20.289 -3.057 0.507
Car 0 0 0.427 383.707 178.312 470.662 228.269 1.526 1.634 3.915 -5.571 0.930 22.043 0.179 0.413
Car 0 0 -1.729 508.279 175.182 550.974 198.163 1.526 1.634 3.915 -5.308 0.918 47.917 -1.840 0.383
Car 0 0 1.787 550.794 173.204 583.478 190.652 1.526 1.634 3.915 -3.711 0.794 63.113 1.728 0.383
Car 0 0 0.192 394.008 147.274 539.896 210.247 1.526 1.634 3.915 -3.456 0.143 17.487 -0.004 0.291
Car 0 0 -1.572 589.485 170.041 612.177 186.147 1.526 1.634 3.915 -0.827 0.497 68.371 -1.585 0.273
