Cyclist 0 0 2.500 929.461 223.355 1160.229 370.757 1.739 0.571 1.833 5.137 1.466 8.515 3.042 0.712
Pedestrian 0 0 1.340 420.226 174.202 455.910 261.309 1.760 0.660 0.932 -3.466 0.907 14.583 1.106 0.700
Car 0 0 1.655 560.404 179.162 600.867 211.605 1.526 1.634 3.915 -1.361 1.060 33.943 1.614 0.697
Cyclist 0 0 0.821 108.537 209.408 228.846 288.826 1.739 0.571 1.833 -9.656 1.670 15.803 0.272 0.668
Pedestrian 0 0 -1.611 735.058 179.051 769.705 280.862 1.760 0.660 0.932 2.470 0.987 12.477 -1.416 0.631
Pedestrian 0 0 1.797 843.538 167.328 874.129 251.376 1.760 0.660 0.932 5.221 0.765 15.114 2.129 0.624
Pedestrian 0 0 1.667 807.066 167.543 832.491 251.166 1.760 0.660 0.932 4.426 0.768 15.190 1.950 0.581
Pedestrian 0 0 -1.261 762.073 171.535 792.558 253.553 1.760 0.660 0.932 3.601 0.852 15.488 -1.033 0.534
Cyclist 0 0 -2.031 0.101 211.669 68.692 297.226 1.739 0.571 1.833 -11.693 1.659 14.669 -2.704 0.511
Pedestrian 0 0 -1.733 708.783 175.684 740.432 288.042 1.760 0.660 0.932 1.803 0.925 11.305 -1.575 0.498
Pedestrian 0 0 1.728 372.023 175.065 406.699 265.800 1.760 0.660 0.932 -4.272 0.923 14.000 1.431 0.466
Cyclist 0 0 -2.016 0.146 214.637 68.683 296.235 1.739 0.571 1.833 -12.260 1.760 15.381 -2.689 0.433
Pedestrian 0 0 1.704 689.146 176.451 712.290 259.205 1.760 0.660 0.932 1.939 0.957 15.350 1.829 0.428
Pedestrian 0 0 1.366 662.341 183.566 683.453 237.575 1.760 0.660 0.932 2.065 1.229 23.519 1.452 0.367
Cyclist 0 0 2.468 0.043 319.707 165.291 372.186 1.739 0.571 1.833 -17.464 5.737 23.915 1.837 0.365
Cyclist 0 0 1.562 329.847 210.350 380.105 262.943 1.739 0.571 1.833 -8.420 2.110 23.864 1.222 0.314
Pedestrian 0 0 0.830 645.450 175.229 667.008 237.467 1.760 0.660 0.932 1.320 0.947 20.410 0.894 0.314
Pedestrian 0 0 2.105 787.304 170.538 808.423 240.875 1.760 0.660 0.932 4.713 0.822 18.060 2.359 0.284
Cyclist 0 0 1.817 192.571 216.852 257.783 267.850 1.739 0.571 1.833 -13.111 2.370 24.610 1.327 0.265
Car 0 0 -1.693 601.942 186.385 637.978 203.769 1.525 1.635 3.923 0.912 1.950 63.300 -1.680 0.250
