Car 0 0 -1.825 678.046 181.162 757.181 239.540 1.526 1.634 3.915 2.825 0.980 18.863 -1.677 0.876
Car 0 0 -0.954 0.508 208.465 401.011 371.210 1.526 1.634 3.915 -3.834 1.097 6.766 -1.470 0.860
Car 0 0 0.959 305.458 181.225 422.400 250.679 1.526 1.634 3.915 -5.397 0.947 15.855 0.630 0.845
Car 0 0 -1.989 377.599 176.976 455.971 231.263 1.526 1.634 3.915 -5.420 0.879 20.285 -2.251 0.785
Car 0 0 -1.676 578.500 179.596 635.166 223.494 1.526 1.634 3.915 -0.095 0.997 25.085 -1.681 0.783
Car 0 0 -1.704 633.799 173.496 663.998 199.675 1.526 1.634 3.915 2.293 0.801 42.064 -1.651 0.775
Car 0 0 1.677 518.810 178.944 573.802 218.846 1.526 1.634 3.915 -2.419 0.996 27.597 1.589 0.679
Car 0 0 1.896 41.107 187.960 127.747 225.698 1.526 1.634 3.915 -21.237 1.374 29.180 1.266 0.482
Car 0 0 -1.639 450.852 173.668 488.690 210.157 1.526 1.634 3.915 -5.847 0.797 30.179 -1.832 0.428
Car 0 0 1.379 487.756 178.680 526.809 203.749 1.526 1.634 3.915 -6.227 1.118 43.926 1.237 0.366
Pedestrian 0 0 -1.988 764.731 164.427 780.623 212.335 1.760 0.660 0.932 5.994 0.571 26.515 -1.767 0.320
