Car 0 0 -2.228 908.046 212.716 1241.619 371.109 1.526 1.634 3.915 4.483 1.147 6.952 -1.656 0.934
Car 0 0 -3.486 821.556 165.395 916.764 204.473 1.526 1.634 3.915 10.139 0.472 28.180 -3.141 0.865
Car 0 0 -2.736 209.834 179.994 343.051 231.807 1.526 1.634 3.915 -9.812 0.973 21.253 -3.169 0.838
Pedestrian 0 0 1.410 935.167 138.748 989.521 275.319 1.760 0.660 0.932 4.548 0.441 9.301 1.864 0.824
Pedestrian 0 0 2.202 1000.649 137.641 1045.540 248.376 1.760 0.660 0.932 6.575 0.320 11.471 2.722 0.794
Car 0 0 -1.893 194.163 186.168 237.227 209.581 1.517 1.640 3.988 -25.515 1.621 46.742 -2.393 0.471
Car 0 0 -1.401 1046.221 160.599 1088.214 184.057 1.526 1.634 3.915 29.775 -0.034 46.943 -0.836 0.389
Car 0 0 2.007 0.000 201.695 120.546 251.576 1.526 1.634 3.915 -16.806 1.646 22.076 1.356 0.354
Car 0 0 -2.086 0.051 206.076 61.791 255.131 1.526 1.634 3.915 -18.003 1.797 22.449 -2.763 0.313
Car 0 0 1.844 139.549 193.120 185.201 216.722 1.526 1.634 3.915 -28.917 2.074 46.657 1.289 0.293
