Car 0 0 -2.223 881.945 182.949 1241.532 373.087 1.526 1.634 3.915 3.630 0.844 5.792 -1.664 0.880
Car 0 0 -2.323 157.576 192.435 265.920 297.273 1.526 1.634 3.915 -5.791 1.048 10.504 -2.827 0.870
Car 0 0 0.528 231.095 190.412 397.078 272.317 1.526 1.634 3.915 -5.506 1.090 13.445 0.139 0.844
Car 0 0 -1.796 693.418 185.166 778.370 248.525 1.526 1.634 3.915 3.043 1.060 17.380 -1.624 0.786
Car 0 0 -2.192 0.297 265.416 82.506 370.969 1.526 1.634 3.915 -8.215 2.101 10.433 -2.859 0.755
Car 0 0 2.037 0.323 159.689 168.387 321.330 1.526 1.634 3.915 -4.959 0.639 6.813 1.408 0.741
Car 0 0 -0.123 754.591 174.958 880.228 226.159 1.526 1.634 3.915 6.196 0.826 21.508 0.157 0.711
Car 0 0 0.501 307.646 180.532 441.405 252.098 1.526 1.634 3.915 -5.012 0.927 15.387 0.185 0.690
Car 0 0 2.173 385.933 178.016 473.888 230.297 1.526 1.634 3.915 -5.244 0.914 21.063 1.928 0.661
Car 0 0 1.471 499.329 174.829 549.283 203.524 1.526 1.634 3.915 -4.534 0.868 38.376 1.353 0.477
Car 0 0 1.596 629.765 172.037 663.129 199.741 1.526 1.634 3.915 2.032 0.718 39.749 1.647 0.455
Car 0 0 -1.656 690.830 173.593 742.004 199.061 1.526 1.634 3.915 6.404 0.807 43.240 -1.509 0.422
Car 0 0 0.232 430.682 172.217 498.561 213.694 1.526 1.634 3.915 -5.333 0.740 26.550 0.033 0.379
Car 0 0 -1.701 615.708 168.350 641.241 194.497 1.526 1.634 3.915 1.104 0.500 42.115 -1.676 0.332
