Car 0 0 0.610 0.594 192.665 301.052 338.251 1.526 1.634 3.915 -4.809 0.971 7.564 0.043 0.888
Car 0 0 -1.871 729.935 194.512 901.232 298.544 1.526 1.634 3.915 3.022 1.081 10.585 -1.594 0.808
Car 0 0 -1.300 299.880 177.233 433.611 235.245 1.526 1.634 3.915 -6.388 0.878 18.982 -1.625 0.766
Car 0 0 0.457 130.248 186.336 358.178 280.840 1.526 1.634 3.915 -5.900 0.981 11.652 -0.012 0.741
Car 0 0 1.936 429.319 176.434 515.130 208.670 1.526 1.634 3.915 -6.502 0.933 34.161 1.748 0.638
Car 0 0 -1.698 657.030 176.002 705.404 215.382 1.526 1.634 3.915 2.777 0.885 27.964 -1.600 0.473
Car 0 0 1.681 513.734 177.416 564.889 218.339 1.526 1.634 3.915 -2.620 0.933 26.910 1.583 0.462
Car 0 0 1.463 618.512 168.794 644.981 192.636 1.526 1.634 3.915 1.420 0.503 46.187 1.493 0.352
Car 0 0 1.654 548.881 171.468 572.548 186.404 1.526 1.634 3.915 -4.991 0.621 73.728 1.585 0.273
Car 0 0 1.657 524.170 174.217 568.576 198.234 1.526 1.634 3.915 -4.015 0.850 45.850 1.569 0.270
Car 0 0 0.219 994.071 336.624 1241.174 373.346 1.526 1.634 3.915 21.115 7.569 29.987 0.832 0.251
