Car 0 0 0.593 0.245 193.285 238.192 358.754 1.526 1.634 3.915 -4.472 0.881 6.521 -0.008 0.842
Car 0 0 -1.960 745.150 178.614 972.129 340.499 1.526 1.634 3.915 2.400 0.745 6.666 -1.615 0.807
Car 0 0 -1.752 671.832 176.081 733.780 232.305 1.526 1.634 3.915 2.680 0.643 19.193 -1.614 0.765
Car 0 0 -0.955 151.505 165.668 364.015 257.668 1.526 1.634 3.915 -5.745 0.517 11.729 -1.411 0.744
Car 0 0 -1.352 724.390 175.014 792.730 235.333 1.526 1.634 3.915 3.909 0.624 17.890 -1.138 0.576
Car 0 0 0.412 351.981 178.607 478.469 234.081 1.526 1.634 3.915 -5.196 0.711 19.452 0.150 0.560
Car 0 0 1.791 507.465 175.365 554.914 205.139 1.526 1.634 3.915 -3.736 0.500 36.242 1.688 0.501
Car 0 0 0.608 134.889 185.876 325.338 297.010 1.526 1.634 3.915 -5.136 0.837 9.710 0.121 0.495
Car 0 0 2.241 435.848 177.214 496.929 217.420 1.526 1.634 3.915 -5.227 0.638 26.839 2.048 0.469
Car 0 0 1.558 622.632 173.781 658.204 197.990 1.526 1.634 3.915 2.291 0.339 44.574 1.609 0.263
