Car 0 0 2.165 30.451 196.784 222.139 273.313 1.526 1.634 3.915 -9.528 1.088 14.101 1.571 0.856
Car 0 0 -1.645 585.305 179.407 715.795 296.609 1.526 1.634 3.915 0.605 0.749 9.207 -1.580 0.852
Car 0 0 1.900 364.339 188.073 440.423 233.726 1.526 1.634 3.915 -6.743 1.016 23.637 1.622 0.774
Pedestrian 0 0 2.221 308.270 190.624 335.159 276.922 1.760 0.660 0.932 -5.760 1.087 14.424 1.840 0.639
Car 0 0 2.121 231.243 180.793 310.366 221.987 1.526 1.634 3.915 -12.348 0.774 26.195 1.680 0.579
Car 0 0 -1.370 722.635 177.825 796.614 232.603 1.526 1.634 3.915 4.334 0.688 19.699 -1.154 0.554
Car 0 0 1.903 516.898 182.029 554.612 199.840 1.526 1.634 3.915 -5.855 0.894 60.587 1.806 0.464
Car 0 0 2.143 334.530 180.651 384.811 221.022 1.526 1.634 3.915 -9.240 0.769 26.729 1.810 0.398
Car 0 0 -1.579 692.363 178.953 724.432 208.789 1.526 1.634 3.915 5.336 0.684 36.166 -1.433 0.266
Car 0 0 1.770 774.429 181.383 840.944 230.678 1.526 1.634 3.915 6.304 0.790 21.891 2.049 0.256
