Car 0 0 -2.409 0.000 180.678 127.777 298.405 1.526 1.634 3.915 -7.003 0.765 9.166 -3.062 0.833
Car 0 0 -1.026 0.409 240.416 114.822 370.698 1.526 1.634 3.915 -6.402 1.465 8.283 -1.684 0.819
Car 0 0 -1.844 705.577 185.827 838.792 274.602 1.526 1.634 3.915 2.890 0.855 12.155 -1.610 0.761
Pedestrian 0 0 0.875 964.584 220.413 1166.732 372.545 1.760 0.660 0.932 5.341 1.342 8.182 1.453 0.646
Car 0 0 -2.103 434.692 170.273 511.500 210.087 1.526 1.634 3.915 -5.021 0.371 27.104 -2.286 0.645
Car 0 0 0.023 801.997 175.898 942.055 227.011 1.526 1.634 3.915 8.001 0.625 21.112 0.385 0.605
Car 0 0 0.661 118.213 170.466 288.356 296.603 1.526 1.634 3.915 -4.849 0.642 8.555 0.145 0.581
Car 0 0 -0.871 275.769 172.862 432.683 252.027 1.526 1.634 3.915 -4.817 0.616 13.631 -1.211 0.520
Car 0 0 1.530 627.413 170.634 654.269 189.643 1.504 1.647 4.085 2.909 -0.029 55.948 1.580 0.451
Truck 0 0 0.574 198.032 118.154 460.752 246.559 3.200 2.605 12.092 -6.845 0.046 17.619 0.203 0.415
Car 0 0 -1.804 672.975 175.419 720.910 202.617 1.526 1.634 3.915 5.211 0.478 39.676 -1.674 0.389
Car 0 0 1.847 484.888 169.470 532.010 201.848 1.526 1.634 3.915 -4.508 0.243 33.328 1.712 0.355
Car 0 0 -1.560 532.268 167.681 570.951 191.104 1.526 1.634 3.915 -3.419 -0.073 46.069 -1.635 0.331
Car 0 0 -1.829 524.536 167.982 551.484 192.424 1.526 1.634 3.915 -4.126 -0.019 44.149 -1.922 0.289
Car 0 0 1.568 552.012 167.406 572.893 188.207 1.526 1.634 3.915 -3.054 -0.198 51.875 1.508 0.251
