Pedestrian 0 0 1.068 841.411 148.376 889.976 270.677 1.760 0.660 0.932 3.687 0.528 10.386 1.409 0.894
Pedestrian 0 0 1.516 551.553 148.026 578.185 227.806 1.760 0.660 0.932 -0.986 0.332 15.922 1.453 0.696
Pedestrian 0 0 1.470 514.597 152.152 542.613 230.828 1.760 0.660 0.932 -1.811 0.417 16.146 1.358 0.588
Pedestrian 0 0 0.623 1008.823 150.211 1123.431 352.639 1.760 0.660 0.932 3.971 0.683 6.275 1.187 0.567
Pedestrian 0 0 -2.072 645.555 140.852 671.793 202.104 1.760 0.660 0.932 1.412 -0.040 20.738 -2.005 0.562
Cyclist 0 0 2.260 364.153 180.517 483.375 278.476 1.739 0.571 1.833 -3.299 1.006 12.812 2.007 0.465
Pedestrian 0 0 0.740 1067.423 154.404 1134.264 353.927 1.760 0.660 0.932 4.335 0.717 6.367 1.337 0.462
Cyclist 0 0 1.387 256.769 202.259 327.691 303.170 1.739 0.571 1.833 -5.470 1.377 12.437 0.973 0.409
Cyclist 0 0 -0.237 291.113 208.337 409.462 296.826 1.739 0.571 1.833 -5.097 1.567 14.183 -0.583 0.360
Pedestrian 0 0 -1.852 432.762 142.217 456.578 203.112 1.760 0.660 0.932 -4.767 -0.005 20.860 -2.078 0.338
Pedestrian 0 0 -1.799 406.749 143.662 428.162 189.994 1.760 0.660 0.932 -7.300 -0.229 27.417 -2.060 0.316
Pedestrian 0 0 1.159 479.787 143.979 503.112 216.004 1.760 0.660 0.932 -2.887 0.174 17.636 0.996 0.279
Pedestrian 0 0 1.100 286.800 149.669 317.132 189.782 1.760 0.660 0.932 -13.500 -0.137 31.667 0.696 0.259
