Car 0 0 -1.633 585.392 183.246 639.318 223.723 1.526 1.634 3.915 0.105 1.155 27.206 -1.629 0.799
Car 0 0 -2.061 157.774 182.968 370.130 292.174 1.526 1.634 3.915 -4.830 0.904 10.084 -2.509 0.793
Car 0 0 2.054 0.501 187.040 141.864 259.122 1.526 1.634 3.915 -11.399 1.063 15.277 1.412 0.704
Car 0 0 -1.847 0.031 189.887 59.821 260.536 1.522 1.632 3.744 -12.484 1.128 15.540 -2.525 0.620
Car 0 0 1.967 138.783 179.554 229.641 248.549 1.526 1.634 3.915 -9.409 0.911 15.961 1.434 0.619
Car 0 0 -2.142 464.105 169.045 541.439 219.592 1.526 1.634 3.915 -3.224 0.648 21.786 -2.290 0.604
Truck 0 0 -2.050 276.927 129.521 476.761 268.011 3.075 2.618 11.229 -5.168 0.575 16.023 -2.363 0.454
Car 0 0 1.576 641.802 164.881 685.367 201.836 1.526 1.634 3.915 2.231 0.434 29.798 1.650 0.396
Car 0 0 -1.687 540.217 172.544 569.242 200.146 1.526 1.634 3.915 -3.032 0.746 39.896 -1.764 0.376
Car 0 0 -1.667 461.936 176.053 506.243 231.468 1.526 1.634 3.915 -3.456 0.851 19.872 -1.839 0.335
Car 0 0 -2.069 273.835 129.997 476.414 268.039 1.526 1.634 3.915 -2.592 0.289 7.977 -2.383 0.278
Car 0 0 1.639 557.933 174.136 577.050 199.165 1.526 1.634 3.915 -2.565 0.841 43.998 1.580 0.254
