Car 0 0 2.083 30.057 185.995 390.724 372.174 1.526 1.634 3.915 -3.272 0.871 5.915 1.577 0.922
Car 0 0 -1.958 822.738 194.915 1151.509 372.058 1.526 1.634 3.915 3.253 0.953 6.216 -1.476 0.918
Car 0 0 1.939 558.809 174.626 668.604 243.026 1.526 1.634 3.915 0.093 0.803 16.099 1.944 0.668
Car 0 0 -1.608 804.785 178.199 895.509 277.811 1.526 1.634 3.915 3.686 0.845 11.055 -1.286 0.619
Car 0 0 1.771 693.011 161.622 742.070 192.708 1.526 1.634 3.915 5.301 0.212 35.424 1.918 0.439
Car 0 0 1.634 663.847 171.659 691.765 204.064 1.526 1.634 3.915 3.214 0.707 33.982 1.728 0.433
Car 0 0 -1.942 530.514 174.956 566.288 189.904 1.526 1.634 3.915 -6.244 0.978 73.666 -2.027 0.395
Car 0 0 -1.465 802.418 165.910 838.285 197.528 1.526 1.634 3.915 10.175 0.428 34.828 -1.181 0.385
Car 0 0 1.501 749.375 176.489 791.581 197.161 1.526 1.634 3.915 11.881 1.032 53.272 1.720 0.322
Car 0 0 1.896 923.532 158.800 995.066 194.328 1.526 1.634 3.915 15.024 0.159 30.995 2.347 0.275
Car 0 0 1.872 139.377 190.039 181.056 208.305 1.526 1.634 3.915 -37.545 2.199 60.289 1.315 0.257
