Cyclist 0 0 2.191 157.918 239.234 298.608 373.124 1.739 0.571 1.833 -4.954 1.732 9.374 1.705 0.858
Pedestrian 0 0 -1.922 844.764 159.084 883.735 269.586 1.760 0.660 0.932 4.058 0.661 11.495 -1.583 0.793
Pedestrian 0 0 2.202 172.648 158.703 287.801 358.208 1.760 0.660 0.932 -3.347 0.755 6.367 1.718 0.776
Pedestrian 0 0 1.982 370.616 161.246 432.854 286.795 1.760 0.660 0.932 -2.914 0.717 10.118 1.701 0.706
Cyclist 0 0 1.973 371.266 221.919 433.974 323.242 1.739 0.571 1.833 -3.553 1.712 12.387 1.692 0.619
Car 0 0 1.611 583.619 163.339 614.046 187.047 1.526 1.634 3.915 -0.691 0.151 46.449 1.595 0.538
Pedestrian 0 0 2.211 978.139 153.536 1021.924 267.463 1.760 0.660 0.932 6.034 0.582 11.150 2.707 0.472
Cyclist 0 0 1.623 494.771 169.106 525.837 208.359 1.739 0.571 1.833 -4.398 0.704 31.974 1.486 0.311
Pedestrian 0 0 1.130 715.642 158.400 752.706 252.614 1.731 0.647 -0.164 2.290 0.600 13.259 1.301 0.292
Pedestrian 0 0 -1.711 544.304 158.539 560.296 186.495 1.760 0.660 0.932 -3.606 -0.021 45.439 -1.791 0.280
