Pedestrian 0 0 2.002 324.643 166.482 410.483 370.085 1.760 0.660 0.932 -2.092 0.825 6.239 1.678 0.873
Pedestrian 0 0 -2.008 1005.573 286.683 1088.154 372.142 1.760 0.660 0.932 9.009 3.225 14.864 -1.464 0.781
Pedestrian 0 0 1.834 406.694 155.488 459.324 351.155 1.760 0.660 0.932 -1.588 0.724 6.492 1.594 0.765
Cyclist 0 0 2.193 835.491 239.138 998.436 371.901 1.739 0.571 1.833 4.028 1.738 9.453 2.595 0.753
Pedestrian 0 0 1.457 639.445 162.104 668.014 242.825 1.760 0.660 0.932 0.963 0.646 15.736 1.517 0.749
Pedestrian 0 0 1.220 680.072 169.106 708.565 240.149 1.760 0.660 0.932 2.100 0.787 17.880 1.336 0.687
Pedestrian 0 0 -2.396 82.997 267.153 201.785 372.179 1.760 0.660 0.932 -7.831 2.461 12.095 -2.971 0.660
Cyclist 0 0 2.080 774.083 216.578 876.742 319.249 1.739 0.571 1.833 3.657 1.610 12.224 2.370 0.641
Car 0 0 1.619 564.405 166.879 599.557 196.370 1.526 1.634 3.915 -1.427 0.454 37.341 1.579 0.596
Pedestrian 0 0 -1.998 708.139 165.885 730.464 230.190 1.760 0.660 0.932 3.004 0.689 19.754 -1.848 0.519
Pedestrian 0 0 1.210 731.058 160.964 751.932 226.864 1.760 0.660 0.932 3.525 0.563 19.276 1.390 0.442
Pedestrian 0 0 2.071 489.347 167.450 505.671 219.115 1.760 0.660 0.932 -3.818 0.696 24.586 1.916 0.420
Pedestrian 0 0 -1.811 753.627 154.459 773.010 190.612 1.760 0.660 0.932 7.487 -0.015 35.136 -1.601 0.397
Pedestrian 0 0 1.291 265.907 202.743 324.592 289.326 1.760 0.660 0.932 -6.391 1.488 14.671 0.880 0.396
Pedestrian 0 0 1.395 476.450 167.112 493.031 219.149 1.760 0.660 0.932 -4.223 0.686 24.411 1.223 0.382
Pedestrian 0 0 1.910 1105.968 340.223 1141.057 372.860 1.760 0.660 0.932 27.723 9.908 38.921 2.529 0.347
Cyclist 0 0 1.417 748.618 199.343 787.822 258.869 1.739 0.571 1.833 4.636 1.644 21.084 1.633 0.264
