Car 0 0 -2.088 794.759 199.134 1164.493 373.372 1.526 1.634 3.915 3.242 0.993 6.320 -1.614 0.926
Car 0 0 -2.589 0.000 171.623 306.376 305.530 1.526 1.634 3.915 -5.201 0.749 8.224 -3.153 0.848
Car 0 0 2.071 0.346 214.719 187.246 370.346 1.526 1.634 3.915 -5.058 1.174 7.076 1.450 0.821
Car 0 0 -1.749 679.661 186.164 765.078 248.071 1.526 1.634 3.915 2.781 1.091 17.788 -1.595 0.814
Car 0 0 0.510 281.067 178.977 430.587 246.341 1.526 1.634 3.915 -5.748 0.902 16.347 0.171 0.726
Car 0 0 0.999 379.706 168.415 492.105 227.617 1.526 1.634 3.915 -4.477 0.649 18.601 0.762 0.703
Car 0 0 -1.700 650.256 178.523 701.639 218.060 1.526 1.634 3.915 2.563 0.982 27.852 -1.610 0.628
Car 0 0 1.425 537.643 176.733 563.034 202.492 1.526 1.634 3.915 -3.509 0.993 42.750 1.343 0.371
Car 0 0 1.636 467.874 178.017 506.361 215.714 1.526 1.634 3.915 -4.957 0.972 29.211 1.468 0.350
Car 0 0 -1.685 641.991 176.262 677.451 210.334 1.526 1.634 3.915 2.247 0.916 32.320 -1.617 0.296
Car 0 0 1.611 633.960 177.633 659.358 205.638 1.526 1.634 3.915 2.022 1.024 39.322 1.662 0.279
Car 0 0 2.000 494.764 173.152 554.050 205.729 1.526 1.634 3.915 -3.989 0.777 33.803 1.882 0.266
