Car 0 0 2.372 18.104 190.648 198.872 262.679 1.526 1.634 3.915 -10.617 1.140 15.288 1.765 0.859
Car 0 0 -0.885 375.398 181.555 521.919 249.442 1.526 1.634 3.915 -3.617 0.959 16.221 -1.105 0.822
Car 0 0 1.536 714.339 166.268 753.727 198.267 1.524 1.633 3.823 5.927 0.448 34.359 1.707 0.750
Car 0 0 -1.197 566.416 161.486 680.607 240.713 1.526 1.634 3.915 0.269 0.544 13.899 -1.178 0.607
Car 0 0 -1.773 677.957 172.458 705.146 189.303 1.479 1.662 4.281 7.198 0.705 63.342 -1.661 0.467
Car 0 0 -1.720 357.487 184.901 390.250 219.639 1.526 1.634 3.915 -10.355 1.292 31.700 -2.037 0.455
Car 0 0 2.173 1036.567 157.993 1086.146 178.161 1.526 1.634 3.915 34.189 -0.362 54.601 2.732 0.440
Car 0 0 1.953 1102.767 156.983 1141.916 178.696 1.526 1.634 3.915 36.043 -0.352 50.717 2.571 0.412
Car 0 0 1.954 891.759 155.842 916.911 172.369 1.526 1.634 3.915 27.222 -0.808 66.633 2.341 0.351
Car 0 0 1.437 1203.911 153.415 1241.042 173.649 1.526 1.634 3.915 46.231 -0.703 54.424 2.141 0.328
Car 0 0 1.755 502.334 179.516 542.146 200.196 1.526 1.634 3.915 -6.444 1.255 53.249 1.634 0.300
Car 0 0 1.563 1136.406 154.376 1176.582 176.663 1.526 1.634 3.915 37.454 -0.502 49.411 2.212 0.297
