Car 0 0 0.981 870.980 162.887 1128.794 283.936 1.526 1.634 3.915 4.921 0.637 9.097 1.476 0.923
Car 0 0 2.255 0.000 214.622 288.003 374.390 1.526 1.634 3.915 -4.447 1.162 6.892 1.682 0.913
Car 0 0 2.012 276.204 186.863 452.388 306.788 1.526 1.634 3.915 -3.121 0.941 9.182 1.684 0.872
Car 0 0 -1.561 675.292 178.422 737.099 227.492 1.526 1.634 3.915 3.006 0.936 22.441 -1.428 0.751
Car 0 0 -1.160 756.129 175.302 797.246 206.390 1.526 1.634 3.915 8.205 0.883 35.422 -0.933 0.722
Car 0 0 1.723 440.798 189.850 516.424 253.455 1.526 1.634 3.915 -3.142 1.171 17.313 1.543 0.677
Car 0 0 1.785 488.872 184.251 538.418 234.778 1.526 1.634 3.915 -2.897 1.107 21.794 1.652 0.575
Car 0 0 2.395 720.942 175.131 762.136 215.115 1.526 1.634 3.915 5.038 0.850 27.541 2.576 0.474
Car 0 0 1.570 541.443 182.589 564.899 212.313 1.526 1.634 3.915 -2.895 1.263 37.047 1.492 0.350
Car 0 0 2.147 821.594 165.155 898.564 223.212 1.526 1.634 3.915 6.586 0.561 18.968 2.481 0.335
