Car 0 0 2.162 0.040 215.873 215.091 375.000 1.526 1.634 3.915 -4.815 1.176 6.920 1.554 0.907
Car 0 0 -2.022 771.580 187.132 1022.835 319.666 1.526 1.634 3.915 3.312 0.928 8.309 -1.643 0.894
Car 0 0 2.330 1005.501 155.983 1241.472 260.131 1.526 1.634 3.915 7.531 0.516 10.573 2.949 0.863
Car 0 0 2.009 239.623 196.265 397.613 277.068 1.526 1.634 3.915 -5.495 1.205 13.628 1.625 0.846
Car 0 0 -1.809 718.731 181.819 827.567 261.415 1.526 1.634 3.915 3.137 0.935 13.835 -1.587 0.768
Car 0 0 1.607 674.660 181.980 735.784 227.161 1.526 1.634 3.915 3.231 1.071 24.373 1.738 0.678
Car 0 0 1.798 450.116 185.335 504.170 223.606 1.526 1.634 3.915 -5.281 1.261 28.774 1.616 0.608
Car 0 0 1.862 386.854 192.673 450.878 244.752 1.526 1.634 3.915 -5.588 1.344 21.145 1.602 0.477
Car 0 0 1.553 553.603 173.003 601.525 198.484 1.526 1.634 3.915 -1.916 0.772 43.216 1.508 0.402
Car 0 0 1.628 503.069 184.299 537.406 206.966 1.526 1.634 3.915 -6.014 1.534 48.583 1.505 0.382
Car 0 0 1.798 645.187 179.117 685.508 215.444 1.526 1.634 3.915 2.344 1.026 30.314 1.875 0.372
