Car 0 0 -1.556 525.661 171.145 585.325 224.732 1.514 1.629 3.461 -1.528 0.709 20.387 -1.632 0.815
Pedestrian 0 0 0.968 436.125 162.373 488.486 282.823 1.760 0.660 0.932 -2.152 0.727 10.546 0.766 0.787
Pedestrian 0 0 1.833 248.917 160.758 279.000 233.866 1.760 0.660 0.932 -8.322 0.589 17.375 1.385 0.717
Car 0 0 -1.390 1057.409 189.531 1200.417 246.520 1.526 1.634 3.915 13.908 1.210 19.323 -0.767 0.599
Pedestrian 0 0 -1.885 118.337 154.398 144.113 235.632 1.760 0.660 0.932 -10.366 0.480 15.637 -2.470 0.542
Pedestrian 0 0 -1.901 200.662 150.138 228.973 213.593 1.760 0.660 0.932 -10.952 0.250 20.018 -2.403 0.513
Pedestrian 0 0 1.797 136.575 154.514 161.205 235.868 1.760 0.660 0.932 -9.969 0.483 15.614 1.228 0.473
Car 0 0 2.063 596.350 172.573 636.420 207.531 1.526 1.634 3.915 0.298 0.751 31.500 2.072 0.403
Car 0 0 2.256 959.412 184.048 1061.481 221.266 1.526 1.634 3.915 16.439 1.222 29.588 2.763 0.334
Pedestrian 0 0 1.426 169.770 161.110 192.338 215.794 1.760 0.660 0.932 -13.795 0.502 23.229 0.890 0.301
Car 0 0 1.186 1017.263 186.659 1061.572 218.269 1.526 1.634 3.915 20.754 1.430 34.837 1.723 0.266
Pedestrian 0 0 -1.824 271.364 157.407 286.394 209.218 1.760 0.660 0.932 -11.236 0.355 24.517 -2.255 0.263
