Car 0 0 2.184 0.343 218.193 177.496 374.316 1.526 1.634 3.915 -5.090 1.206 7.053 1.558 0.904
Car 0 0 -1.911 754.756 193.035 850.786 261.283 1.526 1.634 3.915 4.321 1.214 16.135 -1.650 0.792
Car 0 0 1.634 498.127 184.797 542.982 219.310 1.526 1.634 3.915 -3.936 1.291 31.907 1.510 0.602
Car 0 0 1.903 577.105 180.969 609.054 197.696 1.526 1.634 3.915 -1.504 1.504 65.835 1.880 0.569
Car 0 0 -1.776 720.982 181.293 797.440 236.556 1.526 1.634 3.915 4.133 0.996 19.927 -1.572 0.528
Car 0 0 1.611 643.290 175.987 679.770 190.404 1.526 1.634 3.915 5.501 1.095 76.380 1.682 0.517
Car 0 0 -1.733 682.571 179.209 720.298 214.918 1.526 1.634 3.915 3.927 1.035 30.838 -1.607 0.507
Car 0 0 -1.372 721.165 182.009 755.067 234.156 1.526 1.634 3.915 3.763 1.031 21.117 -1.195 0.506
Car 0 0 -2.004 809.197 166.111 1126.709 340.935 1.526 1.634 3.915 3.129 0.704 6.299 -1.544 0.471
Car 0 0 1.787 540.178 183.570 567.461 211.388 1.526 1.634 3.915 -3.058 1.351 39.586 1.709 0.395
Truck 0 0 -2.004 808.950 167.638 1127.230 341.050 3.075 2.618 11.229 6.358 1.445 12.796 -1.543 0.385
