Pedestrian 0 0 2.092 296.435 153.322 376.115 372.296 1.760 0.660 0.932 -2.197 0.723 5.801 1.729 0.875
Pedestrian 0 0 2.058 182.175 169.980 310.244 370.987 1.760 0.660 0.932 -3.182 0.855 6.319 1.591 0.856
Pedestrian 0 0 -1.593 636.115 164.900 666.853 249.099 1.760 0.660 0.932 0.877 0.714 15.086 -1.536 0.768
Pedestrian 0 0 -1.716 676.165 167.383 706.137 245.558 1.760 0.660 0.932 1.837 0.757 16.249 -1.604 0.696
Cyclist 0 0 0.814 883.285 255.285 1165.946 373.090 1.739 0.571 1.833 6.128 2.087 10.654 1.336 0.639
Car 0 0 1.646 551.984 171.097 588.525 198.065 1.526 1.634 3.915 -2.224 0.664 40.833 1.591 0.628
Cyclist 0 0 -2.979 791.448 225.423 934.969 353.402 1.739 0.571 1.833 3.447 1.584 9.807 -2.641 0.627
Pedestrian 0 0 2.048 724.221 162.598 750.375 231.298 1.760 0.660 0.932 3.273 0.617 18.490 2.223 0.581
Pedestrian 0 0 -1.790 705.502 167.171 729.690 235.600 1.760 0.660 0.932 2.780 0.734 18.563 -1.642 0.523
Pedestrian 0 0 -1.885 466.954 169.999 485.150 224.003 1.760 0.660 0.932 -4.352 0.787 23.522 -2.068 0.518
Pedestrian 0 0 1.087 668.453 170.535 685.233 227.932 1.760 0.660 0.932 2.064 0.809 22.131 1.179 0.320
Cyclist 0 0 1.737 746.807 203.472 801.299 277.868 1.739 0.571 1.833 3.846 1.586 16.870 1.961 0.269
Pedestrian 0 0 1.078 618.295 165.939 639.764 223.285 1.760 0.660 0.932 0.598 0.668 22.151 1.105 0.256
