Pedestrian 0 0 -2.001 1082.008 135.150 1213.642 372.684 1.760 0.660 0.932 3.989 0.601 5.348 -1.360 0.822
Truck 0 0 -1.335 483.937 150.935 568.731 217.818 3.075 2.618 11.229 -3.827 0.530 33.177 -1.450 0.678
Pedestrian 0 0 0.985 935.917 222.582 993.862 342.338 1.760 0.660 0.932 5.224 1.611 10.607 1.441 0.674
Pedestrian 0 0 0.860 980.100 216.543 1046.877 344.028 1.760 0.660 0.932 5.578 1.484 9.964 1.370 0.629
Pedestrian 0 0 -1.733 866.012 166.153 884.911 220.913 1.760 0.660 0.932 8.549 0.665 23.197 -1.381 0.419
Car 0 0 -1.734 431.800 177.922 477.663 201.460 1.526 1.634 3.915 -10.039 1.092 46.784 -1.947 0.360
Pedestrian 0 0 -1.711 353.052 168.434 371.891 208.629 1.760 0.660 0.932 -10.822 0.687 31.602 -2.041 0.347
Cyclist 0 0 1.776 353.161 185.940 397.110 252.665 1.739 0.571 1.833 -6.111 1.211 18.810 1.462 0.341
Pedestrian 0 0 1.677 356.228 169.418 383.662 245.988 1.760 0.660 0.932 -5.509 0.801 16.590 1.355 0.334
Pedestrian 0 0 -1.736 383.279 173.189 404.810 227.513 1.760 0.660 0.932 -6.984 0.891 23.383 -2.026 0.324
Cyclist 0 0 2.069 185.978 195.328 221.038 240.021 1.739 0.571 1.833 -15.803 1.744 28.082 1.556 0.288
Pedestrian 0 0 2.117 95.518 176.060 129.070 258.110 1.760 0.660 0.932 -10.669 0.949 15.481 1.514 0.285
Pedestrian 0 0 1.360 618.007 176.677 641.483 217.652 1.760 0.660 0.932 0.867 1.044 31.001 1.387 0.275
