Car 0 0 -1.878 1011.269 170.501 1241.049 370.815 1.526 1.634 3.915 3.936 0.745 5.497 -1.257 0.904
Car 0 0 2.149 29.431 190.010 291.601 323.789 1.526 1.634 3.915 -5.123 0.959 8.231 1.591 0.881
Car 0 0 -1.588 589.870 180.909 657.726 242.556 1.526 1.634 3.915 0.353 0.963 17.863 -1.569 0.836
Car 0 0 2.250 269.024 184.023 322.690 237.682 1.526 1.634 3.915 -8.922 1.081 20.522 1.838 0.681
Car 0 0 -1.371 688.996 184.475 741.430 229.911 1.526 1.634 3.915 3.549 1.153 24.237 -1.226 0.664
Car 0 0 1.721 522.423 184.028 557.897 205.308 1.526 1.634 3.915 -4.977 1.564 51.748 1.625 0.630
Car 0 0 2.069 348.781 183.880 409.171 222.014 1.526 1.634 3.915 -9.229 1.204 28.878 1.759 0.521
Car 0 0 1.680 416.719 189.021 468.879 225.838 1.526 1.634 3.915 -6.913 1.433 29.911 1.452 0.473
Car 0 0 -1.121 743.099 180.452 867.473 249.886 1.526 1.634 3.915 4.302 0.930 15.860 -0.857 0.433
Truck 0 0 -1.121 743.291 180.952 867.488 249.863 3.075 2.618 11.229 8.739 1.899 32.200 -0.857 0.373
Car 0 0 -1.678 725.134 182.557 755.713 228.689 1.526 1.634 3.915 4.329 1.084 23.871 -1.499 0.329
Car 0 0 1.957 0.000 187.933 75.851 229.394 1.526 1.634 3.915 -21.042 1.318 26.560 1.286 0.298
