Pedestrian 0 0 -2.183 0.000 180.726 27.894 263.632 1.760 0.660 0.932 -12.648 1.047 15.322 -2.873 0.657
Pedestrian 0 0 2.493 90.951 179.112 125.711 295.593 1.760 0.660 0.932 -7.576 0.975 10.905 1.886 0.617
Pedestrian 0 0 0.565 284.643 175.194 312.168 247.055 1.760 0.660 0.932 -7.623 0.938 17.677 0.157 0.592
Pedestrian 0 0 1.869 144.294 178.909 166.593 244.581 1.760 0.660 0.932 -12.174 1.043 19.343 1.307 0.583
Pedestrian 0 0 -0.895 798.103 179.963 841.879 332.290 1.755 0.657 0.720 2.424 0.959 8.312 -0.613 0.568
Pedestrian 0 0 1.860 676.005 173.349 696.767 225.029 1.760 0.660 0.932 2.617 0.897 24.579 1.966 0.439
Pedestrian 0 0 1.456 412.740 179.363 428.512 222.656 1.760 0.660 0.932 -7.683 1.145 29.341 1.199 0.411
Car 0 0 -1.562 539.807 176.707 571.565 200.429 1.526 1.634 3.915 -3.466 1.011 46.423 -1.637 0.400
Car 0 0 -1.585 581.038 174.672 615.616 205.613 1.526 1.634 3.915 -0.554 0.853 35.590 -1.601 0.371
Pedestrian 0 0 2.011 711.326 170.424 726.773 217.786 1.760 0.660 0.932 4.070 0.790 26.820 2.161 0.341
