Car 0 0 -1.940 763.901 206.955 1050.549 371.942 1.526 1.634 3.915 2.754 1.079 6.674 -1.549 0.878
Car 0 0 -0.975 0.000 177.197 192.607 332.533 1.526 1.634 3.915 -5.043 0.806 7.089 -1.594 0.872
Car 0 0 1.626 634.966 170.557 670.329 204.525 1.526 1.634 3.915 1.936 0.660 32.419 1.685 0.572
Car 0 0 1.620 561.839 170.069 586.732 193.652 1.526 1.634 3.915 -2.283 0.583 46.695 1.571 0.549
Pedestrian 0 0 1.482 457.547 174.971 513.590 326.130 1.760 0.660 0.932 -1.444 0.905 8.403 1.311 0.432
Car 0 0 2.280 1064.480 257.824 1241.390 372.028 1.526 1.634 3.915 7.261 1.899 9.642 2.925 0.427
Car 0 0 1.833 384.929 174.240 521.846 269.357 1.526 1.634 3.915 -2.506 0.785 11.577 1.619 0.343
Car 0 0 1.648 587.727 167.680 605.303 188.195 1.526 1.634 3.915 -0.970 0.378 53.677 1.629 0.334
Cyclist 0 0 1.686 458.125 217.297 512.719 342.438 1.739 0.571 1.833 -1.725 1.487 10.029 1.515 0.323
Car 0 0 -1.287 505.042 188.698 547.748 231.585 1.526 1.634 3.915 -2.959 1.327 25.677 -1.402 0.281
