Car 0 0 -1.944 0.000 181.218 235.979 366.681 1.526 1.634 3.915 -4.045 0.832 5.938 -2.543 0.872
Car 0 0 -1.636 585.927 184.296 639.613 223.845 1.526 1.634 3.915 0.124 1.205 27.844 -1.633 0.774
Car 0 0 -2.003 401.475 177.598 477.157 228.317 1.526 1.634 3.915 -5.123 0.906 21.712 -2.236 0.626
Truck 0 0 -2.054 149.420 113.924 417.097 304.244 3.075 2.618 11.229 -5.273 0.585 11.659 -2.479 0.527
Car 0 0 1.688 525.049 172.334 563.890 207.633 1.526 1.634 3.915 -2.814 0.741 31.196 1.597 0.524
Car 0 0 1.482 437.666 169.090 522.137 227.239 1.526 1.634 3.915 -3.403 0.664 18.937 1.303 0.511
Car 0 0 -1.682 511.240 170.876 538.263 209.587 1.526 1.634 3.915 -3.344 0.685 28.447 -1.800 0.451
Car 0 0 2.114 1201.667 179.239 1241.534 207.143 1.526 1.634 3.915 33.475 1.112 39.464 2.817 0.432
Car 0 0 -1.693 647.848 163.395 690.452 204.948 1.526 1.634 3.915 2.189 0.416 26.501 -1.611 0.347
Car 0 0 2.291 1083.584 184.804 1165.505 207.165 1.526 1.634 3.915 35.148 1.579 49.246 2.911 0.341
Car 0 0 -2.059 148.471 112.933 417.953 303.422 1.526 1.634 3.915 -2.615 0.283 5.781 -2.484 0.308
