Car 0 0 -0.971 354.542 189.275 483.136 246.720 1.526 1.634 3.915 -5.067 1.199 19.170 -1.231 0.801
Car 0 0 2.394 177.053 173.127 327.665 240.665 1.526 1.634 3.915 -8.072 0.769 16.305 1.934 0.619
Car 0 0 -1.387 591.154 174.292 639.776 210.777 1.526 1.634 3.915 0.247 0.823 30.183 -1.379 0.549
Car 0 0 -1.501 569.917 177.868 616.966 213.311 1.526 1.634 3.915 -0.694 0.979 31.070 -1.524 0.534
Car 0 0 1.805 459.443 179.176 507.447 209.664 1.526 1.634 3.915 -6.313 1.080 36.119 1.632 0.528
Car 0 0 2.115 1157.838 150.823 1210.761 169.837 1.526 1.634 3.915 46.132 -1.005 57.915 2.787 0.476
Car 0 0 1.867 690.691 167.691 721.430 190.116 1.526 1.634 3.915 6.568 0.412 49.106 2.000 0.469
Car 0 0 1.449 725.239 169.273 757.475 185.019 1.526 1.634 3.915 12.774 0.416 69.934 1.629 0.462
Car 0 0 1.802 640.076 173.696 669.939 200.928 1.526 1.634 3.915 2.547 0.810 40.439 1.865 0.455
Car 0 0 1.941 1022.563 157.372 1047.204 173.160 1.526 1.634 3.915 41.115 -0.734 69.750 2.473 0.418
Car 0 0 1.861 997.712 157.053 1037.494 173.290 1.526 1.634 3.915 38.353 -0.722 67.819 2.375 0.414
Car 0 0 1.752 796.494 156.858 824.676 172.062 1.526 1.634 3.915 20.179 -0.843 72.426 2.022 0.412
Car 0 0 1.668 1080.103 153.806 1131.037 172.015 1.526 1.634 3.915 41.573 -0.833 60.475 2.270 0.320
Car 0 0 1.855 526.900 178.464 573.155 201.162 1.526 1.634 3.915 -4.003 1.140 48.515 1.773 0.297
Car 0 0 -1.647 1128.445 152.584 1158.361 170.336 1.526 1.634 3.915 45.895 -0.980 62.031 -1.010 0.297
Car 0 0 1.661 522.902 179.253 549.149 201.152 1.526 1.634 3.915 -5.125 1.209 50.285 1.560 0.265
