Car 0 0 -1.376 401.235 185.428 504.594 261.431 1.526 1.634 3.915 -3.036 0.862 14.198 -1.587 0.910
Car 0 0 -2.327 823.910 221.867 1242.000 369.913 1.526 1.634 3.915 4.421 1.189 7.289 -1.783 0.908
Car 0 0 -2.022 726.112 180.776 895.539 307.774 1.526 1.634 3.915 2.485 0.766 8.497 -1.739 0.867
Car 0 0 -1.206 270.318 194.579 475.877 329.442 1.526 1.634 3.915 -2.614 0.922 8.001 -1.521 0.849
Car 0 0 -2.293 1.249 265.438 386.577 372.576 1.526 1.634 3.915 -5.843 1.973 10.072 -2.820 0.833
Car 0 0 2.300 0.073 190.862 70.062 246.582 1.526 1.634 3.915 -15.585 1.047 19.366 1.622 0.825
Car 0 0 -1.684 561.407 175.882 620.600 228.966 1.526 1.634 3.915 -0.376 0.630 20.328 -1.702 0.793
Car 0 0 -1.756 635.660 181.096 687.157 217.773 1.526 1.634 3.915 2.385 0.788 29.422 -1.675 0.677
Car 0 0 -1.677 521.216 176.276 558.647 209.199 1.434 1.689 4.628 -2.794 0.533 30.794 -1.769 0.658
Car 0 0 1.906 154.137 186.417 230.885 224.983 1.526 1.634 3.915 -16.288 0.997 27.981 1.378 0.493
Car 0 0 1.525 488.726 179.124 523.850 206.983 1.526 1.634 3.915 -5.357 0.687 38.734 1.388 0.471
Car 0 0 -1.677 609.372 173.566 634.686 201.324 1.526 1.634 3.915 0.987 0.381 38.875 -1.651 0.423
Car 0 0 0.058 250.196 185.990 367.782 240.340 1.526 1.634 3.915 -8.286 0.917 19.854 -0.339 0.340
Car 0 0 1.187 202.173 186.402 231.052 219.692 1.526 1.634 3.915 -17.764 1.033 32.415 0.685 0.292
