Car 0 0 -2.282 35.842 183.007 361.569 364.626 1.526 1.634 3.915 -3.452 0.848 6.063 -2.800 0.925
Car 0 0 -1.943 833.576 200.119 1112.897 339.849 1.526 1.634 3.915 3.972 1.061 7.881 -1.477 0.888
Car 0 0 -1.623 586.854 179.369 648.577 228.564 1.526 1.634 3.915 0.253 0.965 22.384 -1.613 0.875
Car 0 0 2.160 1056.745 259.704 1241.454 373.334 1.526 1.634 3.915 7.247 1.930 9.691 2.802 0.828
Car 0 0 -1.846 757.201 167.329 907.753 267.030 1.526 1.634 3.915 3.412 0.679 11.045 -1.547 0.717
Car 0 0 -2.143 339.269 179.856 455.140 247.693 1.526 1.634 3.915 -4.778 0.921 16.233 -2.429 0.698
Car 0 0 2.141 0.060 183.407 135.491 295.905 1.526 1.634 3.915 -7.350 0.906 9.789 1.496 0.649
Car 0 0 -1.679 433.910 179.806 496.741 234.967 1.526 1.634 3.915 -3.991 0.955 19.963 -1.877 0.558
Car 0 0 -1.798 523.668 164.198 579.260 203.369 1.526 1.634 3.915 -2.264 0.426 28.113 -1.879 0.500
Car 0 0 1.627 634.447 169.225 659.796 194.279 1.526 1.634 3.915 2.288 0.542 43.953 1.679 0.410
Car 0 0 2.008 340.231 179.818 403.359 229.564 1.526 1.634 3.915 -7.294 0.977 22.136 1.689 0.297
