Pedestrian 0 0 2.278 0.000 171.032 157.892 370.000 1.760 0.660 0.932 -4.695 0.864 6.384 1.643 0.913
Cyclist 0 0 2.295 0.000 269.845 180.876 369.380 1.739 0.571 1.833 -9.072 2.565 12.609 1.671 0.830
Pedestrian 0 0 1.078 486.740 162.163 532.097 260.845 1.760 0.660 0.932 -1.787 0.690 12.872 0.939 0.804
Pedestrian 0 0 0.297 834.936 167.662 892.221 284.338 1.760 0.660 0.932 3.833 0.802 10.887 0.635 0.741
Pedestrian 0 0 0.577 786.543 160.740 844.692 286.983 1.760 0.660 0.932 2.874 0.711 10.062 0.854 0.626
Car 0 0 -1.691 1058.963 186.255 1153.810 222.135 1.526 1.634 3.915 21.133 1.333 30.691 -1.089 0.613
Pedestrian 0 0 1.380 294.358 157.779 317.311 228.061 1.760 0.660 0.932 -7.608 0.503 18.074 0.980 0.589
Pedestrian 0 0 1.288 215.466 155.915 238.397 223.394 1.760 0.660 0.932 -9.982 0.438 18.824 0.799 0.544
Pedestrian 0 0 1.200 246.299 159.009 268.700 222.438 1.760 0.660 0.932 -9.772 0.496 20.027 0.746 0.474
Pedestrian 0 0 -1.880 330.707 159.718 351.029 230.112 1.760 0.660 0.932 -6.720 0.552 18.045 -2.237 0.472
Car 0 0 1.862 1018.774 188.947 1065.048 219.214 1.526 1.634 3.915 21.801 1.575 36.384 2.401 0.449
Pedestrian 0 0 -1.780 317.554 158.554 341.399 226.994 1.760 0.660 0.932 -7.205 0.512 18.560 -2.151 0.360
Car 0 0 2.074 965.959 186.211 1063.487 220.808 1.526 1.634 3.915 17.873 1.352 31.830 2.585 0.324
Pedestrian 0 0 1.839 284.704 159.366 307.098 231.560 1.760 0.660 0.932 -7.649 0.551 17.595 1.428 0.295
Car 0 0 -1.780 1145.914 189.041 1195.585 223.238 1.526 1.634 3.915 25.046 1.486 32.202 -1.119 0.259
