Car 0 0 -2.498 0.462 171.154 207.790 372.441 1.526 1.634 3.915 -3.832 0.750 5.471 -3.109 0.921
Car 0 0 -2.187 836.780 210.817 1241.976 372.627 1.526 1.634 3.915 4.054 1.121 6.805 -1.650 0.910
Car 0 0 -1.849 734.409 184.346 910.871 302.302 1.526 1.634 3.915 2.757 0.912 9.336 -1.562 0.797
Car 0 0 -2.651 239.845 170.020 391.541 253.972 1.526 1.634 3.915 -5.342 0.712 13.117 -3.039 0.760
Car 0 0 -1.729 670.832 180.818 737.903 227.262 1.526 1.634 3.915 3.115 1.025 23.710 -1.599 0.754
Car 0 0 -2.491 8.418 155.784 259.184 287.447 1.526 1.634 3.915 -5.515 0.565 8.364 -3.075 0.743
Car 0 0 1.635 645.482 171.413 688.743 208.167 1.526 1.634 3.915 2.390 0.703 29.962 1.714 0.656
Car 0 0 0.513 371.256 174.544 464.150 227.877 1.526 1.634 3.915 -5.490 0.811 20.648 0.252 0.636
Car 0 0 -2.830 420.550 165.187 497.419 211.770 1.526 1.634 3.915 -4.933 0.512 23.640 -3.037 0.594
Car 0 0 -1.301 238.346 191.251 333.443 283.060 1.526 1.634 3.915 -5.380 1.069 11.994 -1.724 0.487
Car 0 0 1.583 488.898 171.471 518.183 202.492 1.526 1.634 3.915 -5.216 0.695 35.498 1.437 0.413
Car 0 0 -1.791 516.794 170.329 554.172 197.943 1.526 1.634 3.915 -4.094 0.624 39.879 -1.894 0.385
Car 0 0 1.760 550.385 170.969 575.331 191.005 1.526 1.634 3.915 -3.557 0.620 54.960 1.694 0.306
