Pedestrian 0 0 0.181 1144.925 148.731 1223.434 359.892 1.760 0.660 0.932 4.836 0.615 5.895 0.868 0.799
Pedestrian 0 0 0.570 863.955 155.012 969.852 356.107 1.760 0.660 0.932 2.739 0.657 6.190 0.986 0.714
Pedestrian 0 0 0.936 620.345 155.813 662.426 274.430 1.760 0.660 0.932 0.554 0.514 10.494 0.989 0.679
Pedestrian 0 0 0.402 578.670 156.924 621.788 278.069 1.760 0.660 0.932 -0.056 0.538 10.275 0.396 0.677
Pedestrian 0 0 -1.600 255.222 150.436 275.816 208.307 1.760 0.660 0.932 -10.299 -0.035 21.509 -2.047 0.632
Pedestrian 0 0 -1.054 690.226 155.092 736.920 289.609 1.760 0.660 0.932 1.433 0.548 9.253 -0.901 0.602
Pedestrian 0 0 1.934 160.983 152.147 190.110 222.752 1.760 0.660 0.932 -10.685 0.173 17.630 1.389 0.538
Pedestrian 0 0 0.035 940.814 157.008 1024.062 326.061 1.760 0.660 0.932 3.940 0.636 7.363 0.526 0.489
Pedestrian 0 0 1.187 660.555 160.579 702.799 290.782 1.760 0.660 0.932 1.049 0.611 9.560 1.295 0.422
Car 0 0 -1.839 1059.721 185.758 1157.602 223.259 1.526 1.634 3.915 20.535 0.977 28.775 -1.220 0.395
Pedestrian 0 0 1.248 494.026 166.465 513.280 226.574 1.760 0.660 0.932 -2.941 0.469 20.709 1.106 0.384
Pedestrian 0 0 -0.164 993.453 140.695 1079.568 286.374 1.760 0.660 0.932 5.226 0.399 8.545 0.385 0.376
Pedestrian 0 0 1.402 525.280 164.185 546.117 226.104 1.760 0.660 0.932 -1.944 0.416 20.103 1.305 0.326
Pedestrian 0 0 -1.926 549.467 165.769 564.694 206.786 1.760 0.660 0.932 -2.017 0.248 30.348 -1.992 0.282
