Car 0 0 -2.476 41.322 183.975 282.932 287.417 1.526 1.634 3.915 -6.601 0.927 10.646 -3.031 0.843
Car 0 0 -2.566 0.117 199.145 201.339 364.173 1.526 1.634 3.915 -4.706 1.006 6.673 -3.181 0.833
Car 0 0 -0.618 889.358 187.726 1054.764 297.738 1.526 1.634 3.915 5.029 0.969 10.010 -0.153 0.824
Car 0 0 -0.928 1139.680 189.883 1241.385 372.498 1.526 1.634 3.915 4.855 0.905 6.030 -0.250 0.821
Car 0 0 -2.208 994.374 189.753 1201.460 347.455 1.526 1.634 3.915 4.726 0.927 6.983 -1.614 0.787
Car 0 0 0.383 194.982 158.078 412.166 262.927 1.526 1.634 3.915 -4.454 0.548 10.503 -0.019 0.767
Car 0 0 -2.226 743.400 174.335 847.379 238.144 1.526 1.634 3.915 4.445 0.799 17.258 -1.974 0.696
Car 0 0 -2.170 783.828 180.697 952.172 259.438 1.526 1.634 3.915 5.009 0.915 13.985 -1.826 0.665
Car 0 0 -1.425 633.305 184.458 677.090 213.152 1.526 1.634 3.915 2.427 1.380 38.378 -1.362 0.484
Car 0 0 0.134 439.534 178.015 498.820 207.696 1.526 1.634 3.915 -7.218 1.028 37.101 -0.058 0.436
Car 0 0 -2.816 385.642 176.288 496.212 217.532 1.526 1.634 3.915 -6.240 0.890 26.699 -3.047 0.404
Car 0 0 1.835 612.626 175.821 646.132 203.649 1.526 1.634 3.915 1.087 0.926 39.571 1.862 0.253
