Car 0 0 2.047 196.893 180.939 312.137 240.503 1.526 1.634 3.915 -9.097 0.970 18.488 1.589 0.870
Truck 0 0 2.212 0.530 47.272 203.288 334.839 3.168 2.608 11.873 -5.593 0.201 7.949 1.598 0.869
Car 0 0 -1.643 718.477 173.241 813.615 241.990 1.526 1.634 3.915 3.474 0.772 16.018 -1.429 0.767
Car 0 0 -1.634 583.470 177.684 669.263 253.745 1.526 1.634 3.915 0.337 0.860 14.478 -1.611 0.764
Truck 0 0 -1.260 814.384 130.379 1072.128 308.376 3.074 2.618 11.197 5.764 0.804 12.463 -0.827 0.647
Car 0 0 1.243 779.562 170.817 823.088 240.602 1.526 1.634 3.915 4.194 0.719 15.780 1.502 0.600
Car 0 0 1.896 492.467 177.484 515.520 195.016 1.526 1.634 3.915 -9.190 1.166 62.811 1.749 0.394
Car 0 0 1.762 414.032 178.518 464.584 203.430 1.526 1.634 3.915 -10.430 1.110 44.203 1.530 0.369
Car 0 0 1.875 305.035 177.598 382.661 226.212 1.526 1.634 3.915 -8.342 0.912 22.652 1.522 0.352
Car 0 0 2.024 663.478 176.841 705.983 207.120 1.526 1.634 3.915 3.789 0.964 36.369 2.127 0.306
