Pedestrian 0 0 -2.024 18.737 144.108 139.477 370.000 1.760 0.660 0.932 -4.134 0.656 5.623 -2.658 0.910
Cyclist 0 0 2.243 241.942 223.901 434.702 348.755 1.739 0.571 1.833 -3.779 1.581 10.052 1.884 0.828
Cyclist 0 0 2.171 105.945 216.371 216.048 321.089 1.739 0.571 1.833 -7.451 1.593 11.985 1.614 0.649
Cyclist 0 0 -0.893 577.467 215.770 666.367 288.061 1.686 0.547 -0.175 0.288 1.844 16.826 -0.877 0.592
Pedestrian 0 0 -2.137 765.351 178.814 825.134 290.801 1.760 0.660 0.932 2.919 0.974 11.343 -1.886 0.547
Pedestrian 0 0 1.010 1083.457 191.348 1120.593 275.081 1.760 0.660 0.932 10.354 1.269 15.170 1.609 0.535
Pedestrian 0 0 1.977 946.292 191.693 969.435 248.006 1.760 0.660 0.932 10.889 1.469 22.557 2.425 0.366
Pedestrian 0 0 2.269 1179.604 199.871 1221.533 265.150 1.760 0.660 0.932 15.939 1.609 19.459 2.955 0.357
Cyclist 0 0 1.842 758.091 214.800 826.909 303.463 1.739 0.571 1.833 3.589 1.693 14.156 2.089 0.291
Cyclist 0 0 1.857 758.943 217.968 825.556 303.107 1.739 0.571 1.833 3.732 1.791 14.741 2.104 0.283
