Car 0 0 2.011 33.327 190.915 446.253 373.322 1.526 1.634 3.915 -3.048 0.850 5.916 1.534 0.913
Car 0 0 -2.165 857.895 214.430 1242.000 370.380 1.526 1.634 3.915 4.363 1.095 6.919 -1.603 0.896
Car 0 0 -1.881 709.743 193.198 898.896 321.352 1.526 1.634 3.915 2.385 0.914 8.420 -1.605 0.884
Car 0 0 -1.305 381.221 184.904 493.012 300.032 1.526 1.634 3.915 -2.213 0.821 9.373 -1.537 0.699
Car 0 0 1.704 464.880 185.880 524.940 252.860 1.526 1.634 3.915 -2.488 0.886 16.111 1.549 0.630
Car 0 0 1.633 517.113 182.920 556.091 216.742 1.526 1.634 3.915 -3.045 0.872 31.905 1.537 0.565
Car 0 0 -1.759 679.436 184.876 761.310 255.042 1.526 1.634 3.915 2.529 0.858 15.379 -1.597 0.545
Car 0 0 -1.657 648.445 181.029 685.203 230.566 1.526 1.634 3.915 1.933 0.779 21.783 -1.570 0.433
Car 0 0 1.628 546.692 173.024 578.927 205.798 1.526 1.634 3.915 -1.922 0.415 32.926 1.569 0.366
Car 0 0 1.839 593.682 180.386 643.554 200.429 1.526 1.634 3.915 1.107 0.754 53.838 1.858 0.331
