Car 0 0 1.912 206.528 195.250 456.775 362.715 1.526 1.634 3.915 -2.533 0.967 6.576 1.544 0.884
Car 0 0 -1.791 702.152 179.384 836.783 261.640 1.526 1.634 3.915 2.967 0.884 13.388 -1.574 0.865
Car 0 0 -1.239 393.474 181.584 501.915 265.907 1.526 1.634 3.915 -2.930 0.921 13.059 -1.460 0.799
Car 0 0 -1.620 502.406 179.467 554.711 219.003 1.526 1.634 3.915 -3.127 1.018 27.853 -1.733 0.688
Car 0 0 -1.706 630.041 168.462 654.623 191.602 1.526 1.634 3.915 2.161 0.473 47.588 -1.661 0.497
Car 0 0 1.529 655.011 164.590 707.666 215.244 1.526 1.634 3.915 2.163 0.514 21.740 1.628 0.401
Car 0 0 1.725 553.819 175.271 574.913 196.896 1.526 1.634 3.915 -3.190 0.934 50.923 1.662 0.338
Car 0 0 1.829 649.197 165.792 682.353 213.653 1.526 1.634 3.915 1.793 0.538 23.008 1.906 0.279
Car 0 0 -1.838 671.733 167.540 720.673 232.697 1.526 1.634 3.915 2.029 0.639 16.901 -1.719 0.274
Car 0 0 1.655 573.250 170.191 588.186 184.049 1.526 1.634 3.915 -3.176 0.470 79.461 1.614 0.266
