Car 0 0 -0.728 75.554 180.514 576.573 373.150 1.526 1.634 3.915 -2.246 0.824 5.716 -1.103 0.898
Car 0 0 -1.309 737.236 178.581 846.876 260.234 1.526 1.634 3.915 3.411 0.870 13.486 -1.061 0.893
Car 0 0 2.007 526.998 181.345 748.613 322.917 1.526 1.634 3.915 0.305 0.855 7.778 2.045 0.864
Car 0 0 -1.961 1049.950 223.916 1241.434 372.842 1.526 1.634 3.915 5.494 1.286 7.394 -1.323 0.857
Car 0 0 1.663 872.801 177.459 926.065 214.184 1.526 1.634 3.915 12.046 0.954 29.985 2.045 0.667
Car 0 0 -1.708 1024.458 189.063 1100.537 246.502 1.515 1.629 3.491 11.945 1.185 19.029 -1.148 0.652
Car 0 0 1.665 948.594 171.108 978.431 193.107 1.526 1.634 3.915 24.555 0.642 50.056 2.121 0.556
Car 0 0 1.596 1010.841 182.014 1041.590 203.051 1.526 1.634 3.915 30.227 1.428 52.346 2.119 0.511
Car 0 0 1.603 966.832 171.273 990.941 189.386 1.526 1.634 3.915 31.120 0.630 60.797 2.075 0.348
Car 0 0 1.579 921.382 179.086 942.535 208.737 1.526 1.634 3.915 16.595 1.084 37.139 1.998 0.339
