Car 0 0 2.096 0.755 181.825 399.689 373.310 1.526 1.634 3.915 -3.263 0.835 5.751 1.580 0.940
Car 0 0 -1.978 788.119 191.992 1048.678 330.720 1.526 1.634 3.915 3.398 0.974 7.938 -1.574 0.892
Car 0 0 -2.106 998.486 239.363 1241.389 371.019 1.526 1.634 3.915 5.916 1.534 8.364 -1.491 0.888
Car 0 0 1.999 1036.897 159.617 1208.328 246.961 1.526 1.634 3.915 8.965 0.532 12.608 2.617 0.859
Car 0 0 2.141 1159.504 153.171 1241.606 257.506 1.526 1.634 3.915 8.645 0.475 10.554 2.827 0.790
Car 0 0 1.793 502.297 173.169 550.774 221.292 1.526 1.634 3.915 -2.633 0.773 22.883 1.678 0.697
Car 0 0 1.924 341.577 148.001 505.047 275.659 1.526 1.634 3.915 -2.227 0.466 8.626 1.671 0.634
Car 0 0 2.087 929.176 155.135 1096.509 231.288 1.526 1.634 3.915 8.082 0.408 14.460 2.595 0.603
Car 0 0 -3.468 787.725 150.099 957.040 208.543 1.526 1.634 3.915 6.863 0.169 18.842 -3.119 0.426
Car 0 0 1.845 7.216 201.753 58.888 217.804 1.526 1.634 3.915 -54.815 3.511 68.605 1.171 0.416
Car 0 0 2.058 79.124 199.172 122.647 218.784 1.526 1.634 3.915 -39.584 2.811 56.148 1.443 0.311
