Car 0 0 1.831 272.111 181.810 373.199 236.829 1.526 1.634 3.915 -7.959 1.012 20.015 1.452 0.822
Car 0 0 1.711 528.846 180.993 559.785 198.734 1.526 1.634 3.915 -5.612 1.463 62.068 1.621 0.514
Pedestrian 0 0 -2.122 105.763 181.018 159.336 294.631 1.760 0.660 0.932 -7.392 1.007 11.181 -2.707 0.437
Car 0 0 1.799 358.584 176.003 413.455 221.830 1.526 1.634 3.915 -7.445 0.868 24.030 1.499 0.436
Car 0 0 2.154 0.072 192.097 119.812 308.600 1.526 1.634 3.915 -7.200 1.015 9.452 1.503 0.430
Car 0 0 1.614 440.212 182.590 471.037 207.601 1.526 1.634 3.915 -9.393 1.357 44.028 1.403 0.396
Car 0 0 1.633 654.666 172.670 680.689 194.494 1.526 1.634 3.915 4.064 0.750 50.458 1.712 0.364
Car 0 0 1.839 339.631 181.539 379.421 232.060 1.526 1.634 3.915 -7.553 1.025 21.797 1.505 0.351
Car 0 0 1.766 412.100 180.153 443.619 214.358 1.526 1.634 3.915 -8.107 1.089 32.195 1.518 0.309
Car 0 0 -1.706 636.558 168.034 658.854 188.912 1.526 1.634 3.915 2.789 0.411 52.745 -1.655 0.301
Car 0 0 1.727 917.906 154.273 987.171 176.797 1.526 1.634 3.915 23.240 -0.496 48.891 2.170 0.292
Pedestrian 0 0 -0.941 55.292 163.717 159.373 296.459 1.760 0.660 0.932 -6.661 0.759 9.569 -1.550 0.263
