Car 0 0 -2.161 907.025 185.866 1241.389 372.128 1.526 1.634 3.915 3.807 0.870 5.912 -1.589 0.907
Car 0 0 -2.135 767.133 204.845 1001.885 360.731 1.526 1.634 3.915 2.692 1.076 7.064 -1.772 0.884
Car 0 0 -2.419 0.000 188.315 204.053 371.765 1.526 1.634 3.915 -4.222 0.892 6.003 -3.032 0.875
Car 0 0 -1.695 664.072 194.273 720.585 233.981 1.526 1.634 3.915 3.181 1.586 27.732 -1.581 0.808
Car 0 0 -1.772 710.540 195.929 827.499 285.201 1.526 1.634 3.915 2.726 1.158 12.335 -1.554 0.699
Car 0 0 0.581 0.996 165.382 327.659 321.019 1.526 1.634 3.915 -4.366 0.690 7.075 0.028 0.578
Car 0 0 -1.079 398.174 186.823 475.803 233.651 1.526 1.634 3.915 -5.624 1.218 23.516 -1.315 0.571
Car 0 0 -1.066 330.558 184.827 427.558 251.806 1.526 1.634 3.915 -5.252 1.036 16.441 -1.375 0.556
Car 0 0 1.412 441.612 180.013 511.164 221.288 1.526 1.634 3.915 -4.924 1.028 26.680 1.229 0.441
Car 0 0 0.473 198.238 174.292 385.817 272.452 1.526 1.634 3.915 -4.937 0.785 11.218 0.058 0.408
Car 0 0 -1.712 641.176 185.406 681.142 217.028 1.526 1.634 3.915 2.490 1.369 34.824 -1.641 0.405
Car 0 0 0.136 524.357 184.442 560.171 209.691 1.526 1.634 3.915 -4.068 1.464 43.615 0.043 0.356
Car 0 0 1.552 500.309 184.795 527.697 213.941 1.526 1.634 3.915 -5.004 1.388 37.783 1.421 0.321
Car 0 0 1.502 636.226 185.175 663.616 211.177 1.526 1.634 3.915 2.369 1.486 42.351 1.556 0.287
