Car 0 0 -0.737 1112.933 190.767 1241.655 368.268 1.526 1.634 3.915 4.882 0.917 6.204 -0.071 0.921
Car 0 0 -0.462 764.886 182.791 967.998 256.996 1.526 1.634 3.915 5.283 0.967 14.840 -0.120 0.853
Car 0 0 0.544 1.938 199.160 258.475 330.079 1.526 1.634 3.915 -5.588 1.070 8.411 -0.043 0.825
Car 0 0 -2.514 69.559 177.192 317.068 284.951 1.526 1.634 3.915 -5.895 0.825 10.219 -3.037 0.773
Car 0 0 2.047 295.276 187.572 406.064 249.291 1.526 1.634 3.915 -6.402 1.127 17.842 1.701 0.709
Car 0 0 1.992 0.046 244.350 146.011 372.248 1.526 1.634 3.915 -6.402 1.616 8.610 1.353 0.643
Car 0 0 0.312 402.741 181.588 477.974 227.167 1.526 1.634 3.915 -5.666 1.056 24.160 0.081 0.594
Car 0 0 -1.734 637.527 179.231 687.440 218.380 1.526 1.634 3.915 2.063 1.012 28.129 -1.661 0.568
Car 0 0 1.510 494.251 178.804 527.275 206.011 1.526 1.634 3.915 -5.542 1.097 40.476 1.373 0.399
Car 0 0 1.499 535.298 173.105 574.925 203.319 1.526 1.634 3.915 -2.750 0.776 36.446 1.424 0.310
Car 0 0 1.667 526.101 175.273 553.335 201.062 1.526 1.634 3.915 -4.133 0.906 42.700 1.570 0.264
Car 0 0 -1.887 293.850 195.603 360.248 263.051 1.526 1.634 3.915 -6.393 1.278 16.327 -2.261 0.254
