Car 0 0 2.111 0.542 197.116 335.782 371.957 1.526 1.634 3.915 -3.853 0.975 6.298 1.562 0.913
Car 0 0 -0.443 994.721 131.150 1239.799 215.669 1.526 1.634 3.915 9.168 0.010 13.029 0.170 0.870
Car 0 0 1.917 324.129 187.592 454.295 277.831 1.526 1.634 3.915 -3.727 1.012 12.203 1.620 0.836
Car 0 0 1.837 435.796 185.667 501.284 237.921 1.526 1.634 3.915 -4.119 1.137 21.074 1.643 0.827
Car 0 0 1.248 716.561 170.658 785.845 215.723 1.526 1.634 3.915 4.797 0.689 24.436 1.442 0.719
Car 0 0 1.503 580.294 170.801 621.527 187.914 1.526 1.634 3.915 -0.771 0.580 64.348 1.490 0.592
Car 0 0 1.767 479.945 177.016 526.195 224.764 1.526 1.634 3.915 -3.404 0.896 23.063 1.620 0.575
Car 0 0 -1.318 666.316 166.748 711.243 203.318 1.526 1.634 3.915 3.306 0.508 30.113 -1.210 0.498
Car 0 0 1.763 521.983 180.227 554.553 214.590 1.526 1.634 3.915 -3.166 1.091 32.047 1.664 0.441
Car 0 0 1.483 694.212 169.177 716.922 201.717 1.526 1.634 3.915 4.503 0.591 33.842 1.615 0.354
Car 0 0 2.215 1180.092 132.483 1241.680 210.445 1.526 1.634 3.915 11.772 -0.027 14.125 2.909 0.346
Car 0 0 -1.558 637.230 177.444 673.911 207.793 1.526 1.634 3.915 2.314 0.994 36.285 -1.495 0.277
