Car 0 0 2.126 0.008 201.352 356.727 374.245 1.526 1.634 3.915 -3.806 1.015 6.369 1.587 0.920
Car 0 0 1.994 334.810 195.864 463.177 285.229 1.526 1.634 3.915 -3.596 1.156 12.322 1.709 0.895
Car 0 0 1.261 768.300 170.587 879.772 235.006 1.526 1.634 3.915 5.081 0.709 17.094 1.550 0.837
Car 0 0 1.862 442.868 185.269 512.933 248.516 1.526 1.634 3.915 -3.177 1.063 17.411 1.680 0.775
Car 0 0 2.048 634.362 169.688 669.784 186.922 1.526 1.634 3.915 3.765 0.483 63.899 2.107 0.710
Car 0 0 1.801 506.685 185.526 553.303 227.017 1.526 1.634 3.915 -2.927 1.229 26.540 1.690 0.679
Car 0 0 -1.495 658.702 178.556 717.663 217.256 1.526 1.634 3.915 3.101 0.988 28.454 -1.387 0.583
Car 0 0 1.487 723.233 175.084 755.340 206.052 1.526 1.634 3.915 6.393 0.873 35.560 1.664 0.457
Car 0 0 1.643 753.496 169.029 793.587 203.223 1.526 1.634 3.915 7.319 0.592 32.205 1.866 0.292
Car 0 0 1.477 561.039 183.582 575.940 209.716 1.526 1.634 3.915 -2.398 1.390 42.137 1.420 0.260
