Car 0 0 -2.628 0.450 201.421 279.172 344.280 1.526 1.634 3.915 -5.018 1.068 7.708 -3.206 0.863
Car 0 0 -1.826 721.714 193.343 848.319 281.854 1.526 1.634 3.915 3.025 1.116 12.441 -1.587 0.814
Car 0 0 -0.292 785.059 172.827 966.946 244.003 1.526 1.634 3.915 5.713 0.763 15.472 0.062 0.811
Car 0 0 0.559 103.672 191.273 369.242 296.039 1.526 1.634 3.915 -5.435 1.031 10.511 0.081 0.742
Car 0 0 0.491 282.856 178.634 429.759 254.252 1.526 1.634 3.915 -5.111 0.880 14.563 0.153 0.713
Car 0 0 -1.801 481.259 176.808 542.933 215.993 1.526 1.634 3.915 -3.796 0.917 28.102 -1.935 0.577
Car 0 0 -1.121 699.294 174.897 762.866 212.648 1.526 1.634 3.915 4.913 0.846 29.170 -0.954 0.553
Car 0 0 -2.658 385.406 180.726 461.976 230.117 1.526 1.634 3.915 -5.743 1.006 22.296 -2.911 0.463
Car 0 0 1.896 540.063 175.180 569.528 201.018 1.526 1.634 3.915 -3.235 0.900 42.619 1.819 0.415
Car 0 0 -1.736 636.260 177.880 665.319 201.441 1.526 1.634 3.915 2.671 1.089 46.739 -1.680 0.382
Car 0 0 -1.674 615.008 168.094 637.945 194.800 1.526 1.634 3.915 0.967 0.491 41.234 -1.651 0.354
Car 0 0 -2.405 400.455 171.533 494.027 220.054 1.526 1.634 3.915 -5.106 0.722 22.695 -2.627 0.348
Car 0 0 1.876 455.423 175.230 498.110 217.098 1.526 1.634 3.915 -4.841 0.850 26.301 1.693 0.309
