Car 0 0 -1.295 635.130 174.288 707.117 225.471 1.526 1.634 3.915 1.999 0.578 21.083 -1.200 0.823
Truck 0 0 2.250 0.224 56.194 367.781 268.936 3.271 2.597 12.586 -6.459 -0.276 10.872 1.714 0.802
Car 0 0 -1.551 724.564 167.460 752.759 194.332 1.526 1.634 3.915 7.644 0.022 40.157 -1.364 0.766
Car 0 0 1.487 446.832 180.433 480.833 213.383 1.526 1.634 3.915 -6.496 0.760 32.748 1.290 0.664
Car 0 0 -1.030 470.464 176.710 577.275 236.165 1.526 1.634 3.915 -2.059 0.666 18.150 -1.144 0.634
Car 0 0 2.096 1038.386 158.043 1086.488 177.733 1.526 1.634 3.915 35.527 -0.978 54.803 2.671 0.416
Car 0 0 -1.679 1204.381 153.446 1241.115 173.341 1.526 1.634 3.915 47.461 -1.313 54.241 -0.961 0.383
Car 0 0 1.887 1103.139 157.267 1141.901 178.165 1.526 1.634 3.915 37.862 -0.934 51.636 2.519 0.374
Car 0 0 1.660 1170.081 154.548 1204.744 175.224 1.526 1.634 3.915 43.058 -1.153 52.190 2.350 0.319
Car 0 0 2.027 891.359 155.514 916.679 172.398 1.526 1.634 3.915 27.113 -1.496 63.913 2.428 0.306
Car 0 0 -1.174 523.846 180.593 577.743 228.254 1.526 1.634 3.915 -1.706 0.766 22.641 -1.250 0.298
Car 0 0 1.587 1136.121 154.763 1175.750 176.540 1.526 1.634 3.915 38.674 -1.041 49.550 2.249 0.295
Car 0 0 -1.904 684.669 173.230 709.946 197.344 1.526 1.634 3.915 5.900 0.303 44.750 -1.774 0.285
Car 0 0 1.952 360.225 180.940 389.465 204.514 1.526 1.634 3.915 -14.841 0.791 45.775 1.637 0.279
