Pedestrian 0 0 -2.069 866.947 163.643 974.901 373.252 1.760 0.660 0.932 2.615 0.803 6.060 -1.663 0.765
Pedestrian 0 0 -2.272 716.457 165.861 765.930 290.210 1.760 0.660 0.932 1.864 0.781 10.215 -2.091 0.752
Pedestrian 0 0 -2.372 811.936 152.238 870.960 343.392 1.760 0.660 0.932 2.136 0.690 6.645 -2.062 0.749
Pedestrian 0 0 -1.115 497.526 171.288 546.982 299.595 1.760 0.660 0.932 -1.198 0.859 9.900 -1.235 0.721
Pedestrian 0 0 -1.141 643.993 166.500 694.874 322.876 1.760 0.660 0.932 0.674 0.809 8.123 -1.059 0.679
Pedestrian 0 0 -2.465 580.262 163.801 616.810 269.954 1.760 0.660 0.932 -0.183 0.730 11.966 -2.481 0.620
Car 0 0 1.436 462.811 170.492 511.826 234.015 1.526 1.634 3.915 -2.937 0.706 17.335 1.267 0.595
Pedestrian 0 0 -1.568 619.151 164.672 650.765 263.786 1.760 0.660 0.932 0.451 0.735 12.816 -1.534 0.495
Pedestrian 0 0 -1.047 682.083 165.001 725.716 297.852 1.760 0.660 0.932 1.250 0.776 9.562 -0.919 0.401
Pedestrian 0 0 -1.794 557.774 162.614 574.729 213.410 1.760 0.660 0.932 -1.501 0.525 25.007 -1.854 0.254
