Car 0 0 -0.955 226.346 194.310 503.830 328.168 1.526 1.634 3.915 -2.725 0.920 8.061 -1.281 0.872
Car 0 0 2.318 18.983 190.829 244.389 261.074 1.526 1.634 3.915 -10.264 0.987 15.362 1.728 0.843
Car 0 0 -1.496 713.946 163.712 754.380 198.719 1.526 1.634 3.915 5.671 0.031 30.825 -1.314 0.659
Car 0 0 1.657 631.724 172.988 681.618 203.754 1.526 1.634 3.915 2.609 0.390 35.074 1.731 0.519
Car 0 0 1.625 487.330 174.490 525.561 207.250 1.526 1.634 3.915 -4.549 0.483 32.939 1.488 0.511
Car 0 0 1.907 1102.889 157.401 1141.365 178.887 1.526 1.634 3.915 36.797 -0.878 50.222 2.539 0.433
Car 0 0 2.093 1036.990 158.068 1086.746 178.514 1.526 1.634 3.915 34.173 -0.912 52.780 2.667 0.432
Truck 0 0 -1.216 524.954 141.342 630.045 222.703 3.075 2.618 11.229 -1.005 0.057 26.725 -1.254 0.427
Car 0 0 1.751 405.405 181.075 463.497 204.575 1.526 1.634 3.915 -11.016 0.800 45.918 1.515 0.403
Car 0 0 -0.076 892.039 155.485 917.075 172.394 1.526 1.634 3.915 27.120 -1.495 63.816 0.326 0.345
Car 0 0 -1.652 1204.288 153.558 1241.016 174.056 1.526 1.634 3.915 46.057 -1.243 52.645 -0.934 0.304
Car 0 0 1.554 463.229 186.900 489.919 208.276 1.526 1.634 3.915 -9.103 1.220 50.480 1.375 0.293
Car 0 0 1.613 1136.301 155.546 1175.349 176.706 1.526 1.634 3.915 39.796 -1.037 50.998 2.275 0.290
Car 0 0 1.627 1169.583 155.046 1205.665 175.787 1.526 1.634 3.915 42.937 -1.110 52.025 2.316 0.260
