Car 0 0 -2.298 908.235 193.451 1241.603 372.162 1.526 1.634 3.915 3.974 0.939 6.162 -1.726 0.905
Car 0 0 1.994 175.733 180.989 356.757 287.724 1.526 1.634 3.915 -4.909 0.879 10.317 1.549 0.837
Car 0 0 2.501 0.117 247.573 79.242 374.458 1.526 1.634 3.915 -6.855 1.662 8.679 1.832 0.755
Car 0 0 2.044 347.775 182.985 430.494 243.135 1.526 1.634 3.915 -5.593 1.020 18.308 1.747 0.698
Car 0 0 -3.013 1039.948 150.447 1241.368 193.413 1.526 1.634 3.915 18.865 -0.033 25.630 -2.379 0.477
Car 0 0 1.651 516.972 178.750 558.747 206.914 1.526 1.634 3.915 -3.885 1.083 39.100 1.551 0.462
Car 0 0 1.667 487.143 181.003 521.542 208.721 1.526 1.634 3.915 -5.793 1.212 39.729 1.522 0.431
Car 0 0 1.868 631.986 175.413 663.963 193.365 1.526 1.634 3.915 3.266 0.981 61.341 1.919 0.389
Car 0 0 1.785 433.449 182.766 480.775 221.601 1.526 1.634 3.915 -5.991 1.153 28.356 1.577 0.321
Car 0 0 2.009 726.792 162.686 769.997 191.038 1.524 1.633 3.816 7.460 0.215 38.772 2.199 0.268
