Car 0 0 2.334 290.586 170.744 608.515 295.499 1.526 1.634 3.915 -1.957 0.737 8.827 2.115 0.899
Car 0 0 -1.925 1138.580 187.024 1241.368 313.371 1.526 1.634 3.915 7.011 0.934 8.716 -1.249 0.807
Car 0 0 1.905 745.027 174.295 856.765 234.697 1.526 1.634 3.915 4.835 0.799 18.231 2.163 0.785
Car 0 0 1.272 1114.121 172.178 1188.687 233.889 1.526 1.634 3.915 13.400 0.746 17.845 1.916 0.741
Car 0 0 1.685 880.973 165.088 941.754 209.204 1.526 1.634 3.915 10.441 0.494 24.961 2.081 0.724
Car 0 0 -1.819 677.027 168.207 717.662 188.508 1.526 1.634 3.915 6.600 0.414 54.244 -1.698 0.617
Car 0 0 1.813 961.815 166.394 993.079 195.599 1.526 1.634 3.915 19.225 0.426 37.706 2.284 0.485
Car 0 0 1.799 934.885 166.170 966.892 203.476 1.526 1.634 3.915 13.964 0.490 29.519 2.239 0.480
Car 0 0 1.890 999.127 165.982 1040.316 189.324 1.526 1.634 3.915 26.819 0.314 47.178 2.406 0.378
Car 0 0 1.450 1182.099 162.011 1232.650 184.681 1.526 1.634 3.915 40.246 0.033 48.575 2.142 0.283
