Pedestrian 0 0 1.724 993.010 156.211 1139.063 371.565 1.760 0.660 0.932 3.732 0.744 5.898 2.288 0.781
Pedestrian 0 0 1.604 572.890 172.249 591.650 223.088 1.760 0.660 0.932 -0.945 0.859 24.986 1.566 0.733
Cyclist 0 0 -2.764 961.124 247.066 1098.736 374.306 1.739 0.571 1.833 5.747 1.884 9.864 -2.238 0.704
Pedestrian 0 0 1.689 878.083 188.401 970.061 375.000 1.760 0.660 0.932 2.967 1.027 6.807 2.100 0.671
Cyclist 0 0 1.970 852.456 250.236 959.667 375.000 1.739 0.571 1.833 4.134 1.949 10.060 2.360 0.656
Pedestrian 0 0 -1.784 595.014 175.958 609.173 222.362 1.760 0.660 0.932 -0.283 0.998 27.374 -1.794 0.505
Pedestrian 0 0 1.814 763.988 173.265 777.030 211.081 1.760 0.660 0.932 7.493 0.899 33.591 2.032 0.404
Pedestrian 0 0 1.754 553.754 172.319 570.894 223.559 1.760 0.660 0.932 -1.623 0.862 24.790 1.689 0.393
Pedestrian 0 0 1.298 740.615 167.759 756.974 214.694 1.760 0.660 0.932 5.223 0.689 27.064 1.488 0.331
Pedestrian 0 0 1.590 787.522 176.792 804.619 223.059 1.760 0.660 0.932 7.097 1.030 27.455 1.842 0.325
Pedestrian 0 0 -1.809 591.001 173.368 603.345 222.509 1.760 0.660 0.932 -0.444 0.899 25.849 -1.827 0.306
Pedestrian 0 0 1.369 598.923 169.164 615.976 218.544 1.760 0.660 0.932 -0.075 0.749 25.725 1.366 0.262
