Car 0 0 2.080 0.616 198.593 432.074 371.796 1.526 1.634 3.915 -3.465 0.990 6.358 1.581 0.918
Car 0 0 -2.053 780.641 186.045 1052.143 371.530 1.526 1.634 3.915 2.525 0.872 5.937 -1.651 0.845
Car 0 0 -2.262 986.257 251.354 1241.475 373.337 1.526 1.634 3.915 6.310 1.745 9.027 -1.653 0.817
Car 0 0 1.656 474.675 190.867 542.031 242.204 1.526 1.634 3.915 -3.009 1.299 21.450 1.516 0.768
Car 0 0 -1.727 660.565 180.600 736.537 236.163 1.526 1.634 3.915 2.444 0.976 19.819 -1.605 0.706
Car 0 0 1.552 542.652 182.930 574.049 210.569 1.526 1.634 3.915 -2.828 1.319 39.842 1.481 0.672
Pedestrian 0 0 -1.981 779.904 187.829 799.948 240.801 1.760 0.660 0.932 5.994 1.378 23.980 -1.737 0.434
Car 0 0 1.509 607.439 180.329 629.875 202.446 1.526 1.634 3.915 0.628 1.279 49.790 1.520 0.336
Car 0 0 1.659 581.888 180.963 602.346 197.818 1.526 1.634 3.915 -1.579 1.497 65.331 1.635 0.319
Car 0 0 1.763 635.942 177.004 659.023 211.559 1.526 1.634 3.915 1.675 0.946 31.868 1.814 0.300
Car 0 0 1.634 530.166 184.516 550.899 211.131 1.526 1.634 3.915 -3.958 1.432 41.375 1.538 0.265
