Car 0 0 -1.000 0.267 220.947 143.710 374.621 1.526 1.634 3.915 -5.339 1.241 7.166 -1.641 0.883
Truck 0 0 -1.757 276.338 135.059 458.119 277.995 3.027 2.596 9.426 -5.132 0.713 15.281 -2.082 0.662
Truck 0 0 -2.260 11.911 171.373 245.663 277.743 3.075 2.618 11.229 -13.900 1.495 20.861 -2.849 0.641
Car 0 0 -1.579 571.958 178.846 618.383 214.898 1.526 1.634 3.915 -0.609 1.017 30.544 -1.599 0.397
Car 0 0 -1.642 235.623 190.395 285.434 237.417 1.526 1.634 3.915 -11.328 1.332 23.419 -2.093 0.342
Car 0 0 -1.652 478.268 185.024 512.035 216.879 1.526 1.634 3.915 -5.481 1.346 34.569 -1.809 0.338
Car 0 0 -1.335 444.930 181.965 483.349 240.133 1.521 1.632 3.709 -3.802 0.999 18.863 -1.534 0.311
Truck 0 0 -1.088 375.074 137.326 478.685 248.195 3.075 2.618 11.229 -5.067 0.552 20.014 -1.337 0.292
Car 0 0 1.773 519.157 166.015 560.221 201.562 1.526 1.634 3.915 -3.000 0.469 30.978 1.676 0.271
Car 0 0 1.739 0.113 189.093 30.381 229.421 1.526 1.634 3.915 -22.491 1.378 27.306 1.050 0.266
