Car 0 0 -1.618 523.207 175.806 736.091 370.618 1.526 1.634 3.915 0.157 0.786 5.653 -1.591 0.909
Car 0 0 0.211 169.822 192.993 316.494 249.130 1.526 1.634 3.915 -9.961 1.311 19.616 -0.259 0.814
Car 0 0 2.697 951.827 177.037 1086.125 219.249 1.526 1.634 3.915 14.802 0.914 26.087 3.213 0.659
Car 0 0 1.949 697.232 189.253 753.546 246.441 1.526 1.634 3.915 3.091 1.201 19.256 2.108 0.607
Car 0 0 2.389 1158.019 169.670 1241.357 210.347 1.526 1.634 3.915 22.141 0.644 27.071 3.074 0.593
Pedestrian 0 0 2.238 777.332 195.916 822.037 271.748 1.760 0.660 0.932 4.414 1.416 16.751 2.495 0.572
Car 0 0 1.785 374.206 183.181 413.703 206.424 1.526 1.634 3.915 -14.157 1.441 47.377 1.493 0.397
Car 0 0 1.667 417.716 178.718 461.341 203.945 1.526 1.634 3.915 -10.286 1.118 43.651 1.435 0.324
Car 0 0 1.287 30.178 186.475 127.978 231.742 1.519 1.631 3.649 -17.802 1.217 24.214 0.653 0.306
Car 0 0 1.933 30.349 192.801 74.801 231.199 1.526 1.634 3.915 -22.138 1.556 28.679 1.275 0.251
