Car 0 0 -2.182 4.632 183.098 332.678 336.267 1.526 1.634 3.915 -4.393 0.865 7.189 -2.731 0.907
Car 0 0 -1.633 578.363 178.947 635.158 225.021 1.526 1.634 3.915 -0.093 0.965 23.901 -1.638 0.772
Car 0 0 -1.759 426.775 166.574 493.269 237.392 1.526 1.634 3.915 -3.223 0.628 15.550 -1.963 0.740
Car 0 0 -2.219 193.462 157.659 441.362 277.342 1.526 1.634 3.915 -3.725 0.569 9.201 -2.604 0.436
Car 0 0 1.707 539.786 176.101 569.064 197.175 1.515 1.641 4.000 -3.964 0.991 51.877 1.630 0.389
Car 0 0 1.650 511.383 180.723 544.175 208.456 1.526 1.634 3.915 -4.500 1.196 39.707 1.536 0.365
Car 0 0 1.690 497.725 173.587 526.101 209.680 1.526 1.634 3.915 -4.129 0.794 30.510 1.554 0.349
Car 0 0 -1.636 475.656 171.884 504.427 208.915 1.515 1.629 3.499 -4.890 0.718 29.521 -1.800 0.334
Truck 0 0 -2.231 194.629 155.827 439.258 277.786 3.075 2.618 11.229 -7.379 1.108 18.194 -2.617 0.300
Truck 0 0 -1.725 652.544 157.104 700.309 205.000 3.075 2.618 11.229 4.293 0.526 46.329 -1.633 0.272
Car 0 0 1.627 653.993 173.410 700.603 206.344 1.526 1.634 3.915 3.139 0.789 33.436 1.720 0.261
