Car 0 0 2.171 0.000 160.894 182.057 240.253 1.526 1.634 3.915 -9.867 0.386 13.597 1.543 0.859
Car 0 0 -1.757 586.297 171.829 659.216 230.455 1.526 1.634 3.915 0.486 0.537 18.406 -1.732 0.822
Pedestrian 0 0 2.069 326.448 148.289 369.091 305.025 1.760 0.660 0.932 -2.879 0.518 7.942 1.720 0.702
Car 0 0 -1.993 364.185 162.266 426.148 218.224 1.526 1.634 3.915 -5.698 0.266 19.284 -2.281 0.640
Car 0 0 -1.903 402.746 165.372 481.413 230.989 1.526 1.634 3.915 -3.768 0.411 16.445 -2.129 0.624
Car 0 0 -1.878 452.601 164.850 506.108 215.363 1.526 1.634 3.915 -3.769 0.290 21.363 -2.053 0.548
Cyclist 0 0 2.211 1203.469 278.795 1241.512 360.026 1.739 0.571 1.833 13.242 2.974 15.140 2.929 0.514
Car 0 0 1.924 207.049 150.936 302.310 209.998 1.526 1.634 3.915 -9.029 -0.001 18.270 1.465 0.461
Car 0 0 1.619 481.555 168.838 524.999 208.856 1.526 1.634 3.915 -3.844 0.318 26.965 1.477 0.445
Car 0 0 1.561 538.131 158.197 572.437 182.606 1.526 1.634 3.915 -3.051 -0.632 44.209 1.491 0.444
Car 0 0 1.532 697.139 160.568 728.996 209.945 1.526 1.634 3.915 3.369 0.147 21.854 1.685 0.397
Car 0 0 -1.804 717.168 146.146 848.249 255.133 1.526 1.634 3.915 2.501 0.282 9.901 -1.557 0.326
Car 0 0 -1.808 519.397 162.370 549.707 199.410 1.526 1.634 3.915 -2.865 0.016 29.133 -1.907 0.308
Car 0 0 -1.684 654.515 152.710 683.105 196.304 1.526 1.634 3.915 2.266 -0.210 24.753 -1.594 0.286
