Car 0 0 -2.171 846.568 191.083 1242.000 375.000 1.526 1.634 3.915 3.607 0.914 5.987 -1.629 0.906
Car 0 0 -0.976 0.000 190.449 356.015 318.276 1.526 1.634 3.915 -5.152 0.973 8.615 -1.515 0.693
Car 0 0 -1.867 690.807 183.395 778.021 248.814 1.526 1.634 3.915 2.913 1.009 16.833 -1.696 0.670
Car 0 0 -2.547 236.741 187.600 391.366 261.083 1.526 1.634 3.915 -6.137 1.069 14.986 -2.936 0.621
Car 0 0 0.488 336.189 185.528 451.156 251.229 1.526 1.634 3.915 -5.015 1.057 16.761 0.196 0.606
Car 0 0 0.456 409.544 179.493 522.180 228.381 1.526 1.634 3.915 -4.486 0.970 22.525 0.258 0.576
Car 0 0 2.043 765.449 187.348 859.425 226.885 1.526 1.634 3.915 7.831 1.323 27.852 2.316 0.436
Car 0 0 1.686 547.401 172.612 579.892 196.004 1.526 1.634 3.915 -2.996 0.747 47.077 1.621 0.428
Car 0 0 -1.219 499.953 177.680 554.530 204.215 1.526 1.634 3.915 -4.735 1.041 41.501 -1.333 0.426
Truck 0 0 -1.776 624.930 164.503 675.442 206.107 3.062 2.627 11.335 2.990 0.916 53.097 -1.720 0.417
Car 0 0 -1.813 623.698 164.331 675.688 203.834 1.516 1.640 3.994 1.540 0.431 27.690 -1.758 0.307
