Car 0 0 2.154 0.261 202.417 114.119 371.740 1.526 1.634 3.915 -4.979 1.030 6.504 1.501 0.905
Car 0 0 0.981 196.346 185.205 359.680 265.660 1.526 1.634 3.915 -6.289 0.997 13.687 0.551 0.895
Pedestrian 0 0 -1.710 1033.792 193.581 1167.012 373.765 1.760 0.660 0.932 4.796 1.083 7.050 -1.113 0.872
Car 0 0 -1.226 368.592 197.724 512.720 297.356 1.526 1.634 3.915 -2.587 1.144 11.053 -1.457 0.850
Car 0 0 -1.668 577.194 181.694 641.133 232.412 1.526 1.634 3.915 -0.012 1.029 21.713 -1.669 0.794
Car 0 0 -2.334 775.924 195.592 920.567 371.760 1.526 1.634 3.915 2.068 0.960 6.251 -2.015 0.635
Car 0 0 1.956 166.753 181.592 223.409 223.004 1.526 1.634 3.915 -15.275 1.085 26.592 1.435 0.596
Car 0 0 -1.821 685.577 180.093 763.271 247.534 1.526 1.634 3.915 2.599 0.927 16.328 -1.664 0.545
Car 0 0 -1.522 454.666 181.081 534.403 258.174 1.526 1.634 3.915 -2.277 0.926 14.284 -1.680 0.526
Truck 0 0 -1.652 628.624 143.596 682.996 211.401 3.075 2.618 11.229 2.098 0.211 32.726 -1.590 0.474
Truck 0 0 -1.116 907.372 136.857 1239.330 370.315 3.075 2.618 11.229 6.110 1.063 9.505 -0.545 0.413
Car 0 0 -1.626 543.696 179.179 578.033 204.991 1.526 1.634 3.915 -2.879 1.137 42.663 -1.695 0.395
Car 0 0 1.143 735.610 209.979 816.068 291.982 1.518 1.630 3.592 3.077 1.446 13.353 1.369 0.373
Car 0 0 -2.046 709.551 199.739 792.544 273.967 1.526 1.634 3.915 2.909 1.316 14.835 -1.852 0.348
