Car 0 0 1.847 316.932 195.521 452.433 292.458 1.526 1.634 3.915 -3.454 0.999 11.132 1.545 0.907
Car 0 0 2.047 1.095 211.545 329.675 370.754 1.526 1.634 3.915 -4.205 1.061 6.778 1.491 0.900
Car 0 0 -2.245 925.850 220.160 1241.293 373.708 1.526 1.634 3.915 4.766 1.157 7.028 -1.650 0.898
Car 0 0 -2.027 788.718 194.072 1021.363 338.434 1.526 1.634 3.915 3.182 0.907 7.475 -1.625 0.848
Car 0 0 -1.777 720.648 175.019 819.060 273.131 1.526 1.634 3.915 2.579 0.678 10.999 -1.548 0.769
Car 0 0 1.588 652.449 178.754 688.071 217.860 1.526 1.634 3.915 2.583 0.695 27.594 1.681 0.751
Car 0 0 1.732 457.759 168.962 531.182 225.518 1.526 1.634 3.915 -2.958 0.452 19.080 1.578 0.739
Car 0 0 -1.561 674.953 178.002 724.060 239.338 1.526 1.634 3.915 2.374 0.701 17.593 -1.428 0.531
Car 0 0 1.687 523.540 171.556 562.762 201.948 1.526 1.634 3.915 -3.060 0.314 35.506 1.601 0.531
Car 0 0 -1.768 629.050 173.662 657.269 201.576 1.526 1.634 3.915 2.137 0.389 38.658 -1.713 0.398
Car 0 0 -2.047 701.564 178.179 741.974 254.142 1.526 1.634 3.915 2.364 0.716 14.206 -1.883 0.304
