Car 0 0 2.593 720.169 159.628 823.776 208.408 1.526 1.634 3.915 5.081 0.349 22.575 2.813 0.677
Car 0 0 1.688 508.245 173.937 555.501 205.776 1.526 1.634 3.915 -3.724 0.815 34.586 1.580 0.607
Car 0 0 1.023 974.989 146.562 1076.790 173.979 1.526 1.634 3.915 23.175 -0.700 40.165 1.546 0.593
Car 0 0 1.677 582.387 170.836 611.579 189.835 1.526 1.634 3.915 -1.010 0.601 57.959 1.658 0.593
Car 0 0 1.986 1200.880 142.049 1241.435 180.599 1.526 1.634 3.915 24.213 -0.456 28.566 2.689 0.486
Car 0 0 1.917 876.551 148.568 924.688 171.284 1.526 1.634 3.915 19.555 -0.869 48.478 2.300 0.449
Car 0 0 1.252 659.481 158.181 697.466 187.091 1.526 1.634 3.915 3.638 -0.012 38.090 1.347 0.406
Car 0 0 1.704 541.866 172.947 567.701 198.584 1.526 1.634 3.915 -3.261 0.769 42.954 1.627 0.318
Car 0 0 1.768 551.653 172.400 581.530 192.352 1.526 1.634 3.915 -3.287 0.728 55.194 1.708 0.313
Car 0 0 -1.617 1173.138 142.669 1211.426 175.723 1.526 1.634 3.915 26.905 -0.631 33.315 -0.938 0.292
Car 0 0 -1.832 948.032 143.761 1007.348 174.346 1.526 1.634 3.915 18.370 -0.689 36.006 -1.361 0.267
