Car 0 0 2.228 159.924 157.573 347.763 244.081 1.526 1.634 3.915 -6.179 0.358 12.474 1.767 0.758
Car 0 0 1.839 539.911 183.016 596.205 223.167 1.490 1.617 2.542 -1.336 0.838 26.230 1.788 0.575
Car 0 0 2.011 1102.948 156.145 1143.249 177.733 1.526 1.634 3.915 36.693 -0.959 49.986 2.644 0.524
Truck 0 0 1.563 454.153 136.957 510.991 209.307 3.027 2.596 9.413 -5.083 -0.309 29.580 1.392 0.518
Car 0 0 -1.595 684.649 170.532 716.871 192.139 1.526 1.634 3.915 6.829 0.059 49.942 -1.460 0.508
Car 0 0 1.894 577.484 180.600 619.355 219.076 1.526 1.634 3.915 -0.225 0.767 28.046 1.885 0.481
Car 0 0 1.462 1204.496 153.254 1241.106 173.950 1.526 1.634 3.915 45.625 -1.247 52.138 2.180 0.453
Car 0 0 2.103 1036.695 157.994 1086.297 177.987 1.526 1.634 3.915 34.916 -0.955 53.972 2.677 0.419
Car 0 0 1.645 1170.959 153.362 1205.185 175.146 1.526 1.634 3.915 40.915 -1.139 49.537 2.335 0.408
Car 0 0 -1.778 891.650 156.406 916.830 172.385 1.526 1.634 3.915 28.669 -1.539 67.533 -1.377 0.361
Car 0 0 1.917 355.376 182.302 389.692 210.355 1.526 1.634 3.915 -12.597 0.861 38.466 1.600 0.338
Car 0 0 1.599 1136.363 155.658 1172.401 176.160 1.526 1.634 3.915 40.965 -1.087 52.634 2.260 0.297
Car 0 0 1.627 705.452 170.911 734.237 189.748 1.482 1.660 4.253 9.110 -0.014 55.643 1.788 0.269
