Car 0 0 0.521 56.214 199.178 316.381 310.579 1.526 1.634 3.915 -5.799 1.124 9.885 -0.009 0.875
Car 0 0 -2.345 28.828 211.727 211.092 357.174 1.526 1.634 3.915 -5.137 1.171 7.571 -2.942 0.845
Car 0 0 -1.818 707.264 175.793 846.316 282.947 1.526 1.634 3.915 2.382 0.805 10.277 -1.592 0.779
Car 0 0 -2.332 201.777 190.952 370.722 264.907 1.526 1.634 3.915 -6.672 1.137 14.890 -2.754 0.679
Car 0 0 1.485 679.140 183.683 713.829 244.072 1.526 1.634 3.915 2.197 1.037 18.235 1.604 0.628
Car 0 0 1.610 381.421 182.140 452.112 234.280 1.485 1.615 2.358 -5.490 1.007 20.545 1.348 0.586
Car 0 0 2.209 0.103 163.670 51.994 370.823 1.477 1.611 2.055 -4.159 0.673 5.143 1.529 0.579
Car 0 0 1.184 491.696 175.791 538.245 208.573 1.526 1.634 3.915 -4.404 0.900 33.592 1.052 0.475
Car 0 0 2.038 273.105 188.218 398.535 256.695 1.526 1.634 3.915 -6.101 1.106 16.081 1.674 0.469
Car 0 0 -1.717 656.479 175.415 701.391 222.877 1.526 1.634 3.915 2.231 0.845 23.202 -1.622 0.318
Car 0 0 -1.730 540.448 175.516 567.215 198.526 1.526 1.634 3.915 -3.696 0.940 47.856 -1.808 0.309
Car 0 0 0.417 434.101 172.813 503.154 226.858 1.526 1.634 3.915 -3.980 0.762 20.376 0.224 0.279
Car 0 0 1.345 638.964 178.030 657.210 202.648 1.516 1.640 3.993 2.373 1.077 44.435 1.398 0.274
Car 0 0 0.055 1035.178 349.864 1240.014 374.428 1.526 1.634 3.915 32.807 11.761 44.829 0.686 0.255
