Car 0 0 -1.868 296.404 185.284 411.880 265.857 1.526 1.634 3.915 -4.838 0.999 13.667 -2.208 0.890
Truck 0 0 -1.799 801.042 21.840 1241.816 369.227 3.085 2.580 9.259 3.658 0.201 6.408 -1.281 0.884
Car 0 0 -1.673 588.230 173.530 646.753 223.073 1.526 1.634 3.915 0.244 0.784 22.227 -1.663 0.833
Car 0 0 -1.324 474.442 182.862 562.119 241.100 1.526 1.634 3.915 -2.392 1.025 18.909 -1.451 0.767
Car 0 0 -2.249 86.505 183.617 334.747 303.482 1.526 1.634 3.915 -5.079 0.900 9.187 -2.755 0.714
Car 0 0 1.501 640.545 172.885 670.699 196.203 1.526 1.634 3.915 3.015 0.765 47.225 1.564 0.660
Car 0 0 1.189 374.025 177.321 456.431 224.540 1.526 1.634 3.915 -6.281 0.907 23.321 0.926 0.659
Car 0 0 -1.850 720.303 177.993 783.154 259.169 1.526 1.634 3.915 2.673 0.860 13.566 -1.657 0.639
Car 0 0 -1.719 674.623 172.655 722.998 223.341 1.526 1.634 3.915 2.687 0.757 21.726 -1.597 0.597
Car 0 0 1.098 766.539 139.194 808.904 321.859 1.526 1.634 3.915 1.489 0.482 6.029 1.340 0.556
Car 0 0 -1.059 78.005 152.641 262.432 234.804 1.526 1.634 3.915 -8.161 0.388 13.403 -1.606 0.513
Car 0 0 1.417 568.432 169.869 595.242 194.895 1.526 1.634 3.915 -1.691 0.581 44.002 1.377 0.276
