Car 0 0 -2.045 873.958 228.283 1242.000 374.100 1.526 1.634 3.915 4.751 1.263 7.400 -1.475 0.912
Car 0 0 -1.823 755.251 213.823 908.199 301.557 1.526 1.634 3.915 3.960 1.343 12.300 -1.512 0.845
Car 0 0 1.722 517.230 191.842 575.209 229.518 1.526 1.634 3.915 -2.344 1.222 28.641 1.640 0.744
Car 0 0 1.856 469.872 192.792 513.613 278.277 1.526 1.634 3.915 -2.006 0.982 12.623 1.697 0.671
Car 0 0 1.895 207.483 167.468 480.834 351.291 1.526 1.634 3.915 -2.158 0.655 5.870 1.543 0.586
Car 0 0 -1.845 725.349 206.759 805.246 268.698 1.526 1.634 3.915 3.972 1.410 17.422 -1.621 0.583
Truck 0 0 1.892 208.331 168.946 479.282 350.515 3.075 2.618 11.229 -4.408 1.342 11.976 1.539 0.504
Car 0 0 -1.696 681.317 198.577 712.068 236.601 1.526 1.634 3.915 3.717 1.488 28.379 -1.566 0.424
Car 0 0 1.668 663.130 195.725 687.843 230.720 1.526 1.634 3.915 3.114 1.427 30.835 1.768 0.381
Car 0 0 -1.722 723.462 203.956 757.567 263.964 1.526 1.634 3.915 3.470 1.359 17.982 -1.532 0.304
Car 0 0 1.744 582.606 191.390 608.817 203.556 1.526 1.634 3.915 -1.050 2.128 88.697 1.731 0.254
