Pedestrian 0 0 -1.735 675.508 168.947 705.536 255.013 1.760 0.660 0.932 1.768 0.644 14.463 -1.614 0.625
Pedestrian 0 0 1.898 712.814 165.769 752.348 258.191 1.760 0.660 0.932 2.448 0.600 13.468 2.077 0.552
Cyclist 0 0 -2.053 870.651 223.385 1064.476 372.644 1.739 0.571 1.833 4.236 1.369 8.240 -1.579 0.551
Pedestrian 0 0 1.367 616.779 165.301 636.997 211.556 1.760 0.660 0.932 0.868 0.302 26.911 1.398 0.542
Pedestrian 0 0 -1.621 422.221 174.621 457.086 261.088 1.760 0.660 0.932 -3.348 0.760 14.396 -1.850 0.392
Pedestrian 0 0 1.451 572.806 167.571 594.080 223.772 1.760 0.660 0.932 -0.647 0.475 22.149 1.421 0.383
Cyclist 0 0 2.099 164.979 210.711 280.074 324.242 1.739 0.571 1.833 -5.846 1.332 10.833 1.604 0.362
Pedestrian 0 0 2.081 1001.673 265.495 1064.492 373.195 1.760 0.660 0.932 7.013 2.269 11.558 2.627 0.356
Pedestrian 0 0 1.420 748.220 162.870 773.204 224.441 1.760 0.660 0.932 4.479 0.376 20.217 1.637 0.280
Cyclist 0 0 2.270 0.324 150.060 171.320 368.205 1.739 0.571 1.833 -4.132 0.627 5.638 1.637 0.267
