Car 0 0 2.159 127.317 189.637 285.133 259.428 1.526 1.634 3.915 -8.820 1.130 15.779 1.649 0.865
Car 0 0 -1.192 876.667 171.013 1128.602 331.303 1.526 1.634 3.915 3.743 0.746 6.870 -0.694 0.844
Car 0 0 -1.631 591.278 179.732 658.307 242.200 1.526 1.634 3.915 0.372 0.931 17.628 -1.611 0.760
Car 0 0 1.847 287.054 184.276 413.066 258.901 1.526 1.634 3.915 -5.307 0.997 14.757 1.501 0.686
Car 0 0 -1.482 682.332 179.064 725.172 223.143 1.526 1.634 3.915 3.261 0.978 24.983 -1.353 0.556
Car 0 0 -1.122 722.125 180.412 833.185 236.765 1.526 1.634 3.915 4.552 0.968 19.541 -0.894 0.548
Car 0 0 1.909 466.855 181.401 519.563 215.024 1.526 1.634 3.915 -5.281 1.151 32.751 1.748 0.449
Car 0 0 1.507 413.099 187.643 442.345 216.248 1.526 1.634 3.915 -9.702 1.552 38.497 1.259 0.416
Car 0 0 -1.519 58.850 188.147 127.488 222.261 1.526 1.634 3.915 -23.102 1.447 32.279 -2.140 0.415
Car 0 0 1.820 556.333 183.691 576.637 200.568 1.526 1.634 3.915 -3.895 1.743 65.249 1.760 0.298
