Pedestrian 0 0 1.104 652.542 145.763 722.482 291.965 1.760 0.660 0.932 1.005 0.462 8.514 1.221 0.755
Pedestrian 0 0 1.019 719.536 139.975 781.191 288.834 1.760 0.660 0.932 1.730 0.401 8.362 1.222 0.720
Pedestrian 0 0 0.936 577.747 143.687 615.010 246.227 1.760 0.660 0.932 -0.132 0.248 12.139 0.925 0.683
Pedestrian 0 0 1.208 611.542 141.609 647.096 243.597 1.760 0.660 0.932 0.436 0.209 12.205 1.243 0.627
Pedestrian 0 0 1.469 520.716 140.290 552.116 236.107 1.760 0.660 0.932 -1.243 0.141 12.991 1.373 0.565
Pedestrian 0 0 1.235 472.748 144.831 501.018 242.532 1.760 0.660 0.932 -2.112 0.237 12.741 1.070 0.550
Cyclist 0 0 2.238 357.175 181.816 475.456 277.446 1.739 0.571 1.833 -3.415 0.894 12.861 1.978 0.481
Pedestrian 0 0 -1.713 546.400 142.997 572.326 233.343 1.760 0.660 0.932 -0.871 0.149 13.778 -1.776 0.401
Truck 0 0 1.801 0.000 99.516 262.998 361.883 3.093 2.617 11.354 -5.572 0.592 8.336 1.211 0.395
Cyclist 0 0 -0.870 287.336 207.632 409.604 297.390 1.739 0.571 1.833 -4.954 1.395 13.702 -1.217 0.371
Pedestrian 0 0 1.294 497.816 147.204 523.456 236.652 1.751 0.656 0.580 -1.829 0.224 13.842 1.161 0.345
Pedestrian 0 0 0.869 455.252 146.243 475.979 218.707 1.760 0.660 0.932 -3.364 0.048 17.178 0.675 0.324
Cyclist 0 0 1.806 253.236 198.297 328.214 302.407 1.739 0.571 1.833 -5.235 1.167 11.813 1.388 0.322
Pedestrian 0 0 2.231 1202.364 198.860 1223.678 270.579 1.760 0.660 0.932 14.948 1.331 17.356 2.942 0.301
