Car 0 0 -0.580 999.963 182.560 1241.503 367.512 1.526 1.634 3.915 4.263 0.780 5.834 0.050 0.924
Car 0 0 -2.022 922.599 186.405 1061.146 300.871 1.526 1.634 3.915 5.170 0.842 9.427 -1.521 0.777
Car 0 0 2.121 0.000 200.727 114.649 360.265 1.526 1.634 3.915 -5.230 0.957 6.764 1.462 0.756
Car 0 0 -0.710 832.212 189.870 975.731 281.417 1.526 1.634 3.915 4.999 0.919 11.787 -0.310 0.733
Car 0 0 -0.215 732.860 180.626 827.101 239.079 1.526 1.634 3.915 4.593 0.766 18.461 0.027 0.728
Car 0 0 -2.517 60.959 197.799 283.807 324.692 1.526 1.634 3.915 -5.192 0.971 8.504 -3.065 0.708
Car 0 0 2.009 147.170 185.967 335.074 278.505 1.526 1.634 3.915 -5.986 0.853 11.661 1.535 0.698
Car 0 0 0.337 248.854 168.100 430.617 255.961 1.526 1.634 3.915 -4.592 0.548 12.282 -0.021 0.628
Car 0 0 -1.763 632.026 181.240 674.985 215.419 1.526 1.634 3.915 2.207 0.796 31.571 -1.694 0.627
Car 0 0 2.079 407.833 180.471 503.140 239.528 1.526 1.634 3.915 -3.840 0.762 18.272 1.871 0.605
Car 0 0 -2.151 768.736 186.376 918.243 252.627 1.526 1.634 3.915 5.515 0.898 16.288 -1.825 0.510
Car 0 0 0.148 462.972 182.173 507.177 209.375 1.526 1.634 3.915 -6.677 0.857 39.670 -0.019 0.344
Car 0 0 0.663 364.554 175.160 431.475 240.474 1.526 1.634 3.915 -4.815 0.638 16.522 0.380 0.316
Pedestrian 0 0 -1.655 524.841 179.893 540.546 213.745 1.760 0.660 0.932 -3.712 0.848 36.770 -1.757 0.268
