Car 0 0 -2.060 887.607 192.414 1241.856 371.550 1.526 1.634 3.915 3.878 0.930 6.147 -1.498 0.835
Car 0 0 2.006 137.183 182.888 240.145 225.749 1.526 1.634 3.915 -14.987 1.120 25.692 1.477 0.827
Car 0 0 -1.388 378.035 180.713 438.732 220.673 1.526 1.634 3.915 -7.684 1.063 27.558 -1.660 0.637
Truck 0 0 -1.332 288.651 167.093 366.547 219.660 3.075 2.618 11.229 -16.495 1.201 42.212 -1.705 0.598
Car 0 0 -1.606 855.822 151.288 1041.325 300.427 1.526 1.634 3.915 3.469 0.542 7.384 -1.167 0.549
Pedestrian 0 0 -1.830 1069.268 315.583 1133.652 373.407 1.760 0.660 0.932 14.976 5.226 21.968 -1.232 0.529
Car 0 0 -1.686 721.997 172.659 783.735 207.187 1.526 1.634 3.915 6.334 0.754 31.894 -1.491 0.522
Car 0 0 -1.324 288.219 167.247 367.388 220.703 1.526 1.634 3.915 -8.044 0.603 20.600 -1.697 0.483
Car 0 0 1.808 25.202 185.601 118.947 227.736 1.526 1.634 3.915 -19.469 1.225 26.135 1.168 0.477
Car 0 0 -1.338 492.232 169.642 545.814 200.839 1.526 1.634 3.915 -4.429 0.606 35.298 -1.463 0.421
Truck 0 0 -1.030 831.839 132.856 1005.667 205.900 3.129 2.613 11.598 13.243 -0.149 30.904 -0.626 0.336
Car 0 0 1.874 773.220 168.962 817.378 199.070 1.526 1.634 3.915 9.415 0.566 36.575 2.126 0.326
Car 0 0 -1.817 708.010 172.264 756.049 205.693 1.526 1.634 3.915 5.591 0.736 32.942 -1.649 0.275
