Car 0 0 -1.903 425.283 191.882 550.379 261.418 1.526 1.634 3.915 -2.672 1.181 15.837 -2.071 0.852
Car 0 0 -2.286 564.118 158.556 881.108 332.928 1.526 1.634 3.915 0.990 0.638 6.315 -2.131 0.777
Car 0 0 1.220 949.514 171.162 1086.674 233.987 1.526 1.634 3.915 9.924 0.722 17.528 1.735 0.769
Car 0 0 1.955 0.890 204.429 69.015 295.366 1.526 1.634 3.915 -9.644 1.293 12.110 1.282 0.696
Car 0 0 -1.788 307.553 187.755 377.562 224.808 1.526 1.634 3.915 -10.998 1.377 29.720 -2.143 0.685
Car 0 0 -1.633 280.438 183.824 308.362 201.515 1.526 1.634 3.915 -27.190 1.710 62.249 -2.046 0.611
Car 0 0 1.748 111.568 187.576 171.816 219.573 1.526 1.634 3.915 -22.316 1.465 34.415 1.172 0.566
Car 0 0 -2.682 492.271 172.241 588.020 215.575 1.526 1.634 3.915 -2.445 0.742 25.412 -2.778 0.510
Car 0 0 -0.152 1043.371 158.253 1235.218 201.989 1.526 1.634 3.915 18.485 0.254 25.178 0.481 0.485
Car 0 0 1.471 193.475 184.497 214.476 198.966 1.526 1.634 3.915 -42.781 1.991 76.107 0.957 0.478
Car 0 0 1.875 859.920 167.663 928.820 218.504 1.526 1.634 3.915 8.550 0.607 21.660 2.251 0.414
Car 0 0 -1.183 0.094 238.087 31.150 336.397 1.526 1.634 3.915 -9.220 1.776 11.201 -1.872 0.389
Car 0 0 -1.543 305.782 186.567 340.329 220.152 1.526 1.634 3.915 -13.019 1.386 32.788 -1.921 0.378
