Car 0 0 2.423 0.193 225.254 131.498 370.070 1.526 1.634 3.915 -5.730 1.315 7.604 1.777 0.912
Car 0 0 1.790 425.967 189.396 483.095 229.132 1.526 1.634 3.915 -5.954 1.398 27.713 1.578 0.610
Car 0 0 1.714 492.839 180.705 530.532 208.505 1.526 1.634 3.915 -5.373 1.194 39.612 1.579 0.447
Car 0 0 1.425 625.394 172.017 661.653 197.502 1.526 1.634 3.915 2.034 0.713 43.210 1.471 0.413
Car 0 0 2.122 90.949 204.154 147.959 231.227 1.526 1.634 3.915 -27.629 2.528 40.675 1.525 0.406
Car 0 0 -1.731 651.130 177.817 690.892 211.434 1.524 1.635 3.930 2.786 0.987 32.715 -1.646 0.362
Car 0 0 1.534 175.738 198.565 211.552 229.561 1.526 1.634 3.915 -20.479 2.029 35.528 1.011 0.324
Car 0 0 -1.209 53.168 204.922 117.207 235.163 1.526 1.634 3.915 -26.464 2.381 36.414 -1.838 0.315
Car 0 0 -1.686 203.209 199.493 252.662 231.784 1.526 1.634 3.915 -18.037 2.022 34.103 -2.174 0.296
Car 0 0 1.842 470.146 186.381 504.353 218.469 1.526 1.634 3.915 -5.817 1.406 34.318 1.674 0.277
Car 0 0 2.144 110.917 199.527 210.074 231.747 1.526 1.634 3.915 -21.271 2.026 34.177 1.586 0.264
