Car 0 0 2.094 0.192 193.797 276.267 333.514 1.526 1.634 3.915 -5.149 0.992 7.882 1.515 0.897
Car 0 0 -2.648 220.209 193.972 363.342 263.931 1.526 1.634 3.915 -6.933 1.224 15.741 -3.064 0.816
Car 0 0 -2.217 307.029 182.658 405.466 256.445 1.526 1.634 3.915 -5.239 0.966 14.924 -2.555 0.697
Car 0 0 -1.553 663.361 185.305 724.490 236.605 1.526 1.634 3.915 2.510 1.134 21.466 -1.438 0.697
Car 0 0 -1.951 707.425 193.464 848.697 281.285 1.526 1.634 3.915 2.928 1.121 12.539 -1.722 0.676
Car 0 0 0.233 416.574 180.826 498.676 223.258 1.526 1.634 3.915 -5.465 1.050 25.952 0.024 0.505
Car 0 0 0.421 393.719 185.838 443.755 237.190 1.526 1.634 3.915 -5.671 1.149 21.444 0.161 0.503
Car 0 0 1.746 625.362 175.005 656.034 202.921 1.526 1.634 3.915 1.702 0.881 39.448 1.788 0.350
Car 0 0 -1.728 646.702 185.445 677.144 226.933 1.526 1.634 3.915 1.926 1.226 26.542 -1.657 0.329
Car 0 0 1.724 490.283 176.090 524.781 199.365 1.526 1.634 3.915 -6.690 0.975 47.313 1.583 0.255
