Car 0 0 -3.396 790.928 165.136 1010.149 253.816 1.526 1.634 3.915 5.008 0.630 12.418 -3.013 0.876
Car 0 0 -0.571 983.345 182.342 1241.953 329.160 1.526 1.634 3.915 5.230 0.862 7.500 0.037 0.873
Car 0 0 0.790 1090.618 255.866 1241.333 373.265 1.526 1.634 3.915 7.233 1.842 9.380 1.446 0.846
Car 0 0 1.892 356.978 178.370 465.328 227.362 1.513 1.642 4.013 -6.129 0.927 22.290 1.624 0.805
Car 0 0 0.447 63.924 158.181 355.063 267.775 1.526 1.634 3.915 -5.571 0.559 10.048 -0.060 0.793
Car 0 0 1.488 451.444 171.356 506.183 215.121 1.526 1.634 3.915 -4.559 0.711 25.161 1.308 0.565
Car 0 0 -1.844 262.501 179.426 365.497 245.889 1.526 1.634 3.915 -6.787 0.914 16.569 -2.234 0.427
Car 0 0 1.729 498.681 162.754 551.531 202.210 1.526 1.634 3.915 -3.267 0.372 27.909 1.612 0.417
Truck 0 0 -1.678 649.870 146.820 731.570 225.208 3.075 2.618 11.229 3.184 0.516 28.307 -1.567 0.379
Car 0 0 -1.722 653.142 147.402 729.864 225.159 1.526 1.634 3.915 1.608 0.264 14.162 -1.610 0.349
