Car 0 0 2.057 0.000 201.299 380.915 374.223 1.526 1.634 3.915 -3.651 0.947 6.240 1.527 0.941
Car 0 0 1.869 323.753 175.352 474.044 295.083 1.526 1.634 3.915 -2.615 0.697 9.013 1.585 0.840
Truck 0 0 -0.781 928.947 117.361 1241.330 244.916 3.075 2.618 11.229 11.598 0.015 17.047 -0.184 0.828
Car 0 0 -1.813 719.645 189.367 803.555 244.907 1.526 1.634 3.915 4.328 1.007 19.429 -1.595 0.803
Car 0 0 1.799 472.197 182.946 552.500 246.443 1.526 1.634 3.915 -2.205 0.822 16.994 1.669 0.639
Car 0 0 1.620 549.795 176.324 589.442 206.664 1.526 1.634 3.915 -1.734 0.553 35.566 1.570 0.572
Car 0 0 1.760 623.876 182.477 661.417 202.301 1.526 1.634 3.915 2.969 0.915 54.434 1.813 0.394
Car 0 0 -1.789 690.339 175.426 755.658 226.756 1.526 1.634 3.915 3.536 0.612 21.022 -1.624 0.384
Car 0 0 1.953 1125.836 164.756 1241.306 234.507 1.526 1.634 3.915 12.680 0.418 15.471 2.639 0.318
Car 0 0 1.702 523.066 181.126 559.201 219.061 1.526 1.634 3.915 -2.533 0.788 28.446 1.613 0.298
Car 0 0 1.557 667.395 192.903 696.081 211.739 1.526 1.634 3.915 6.292 1.767 57.287 1.666 0.281
Car 0 0 1.541 667.571 194.672 699.205 227.376 1.526 1.634 3.915 3.701 1.424 32.996 1.652 0.261
