Car 0 0 0.541 2.742 191.213 298.254 336.448 1.526 1.634 3.915 -4.824 0.956 7.582 -0.026 0.883
Car 0 0 -2.317 734.302 177.933 826.895 218.831 1.526 1.634 3.915 6.383 0.953 26.926 -2.085 0.740
Car 0 0 2.150 133.296 186.479 299.959 267.463 1.526 1.634 3.915 -7.405 1.020 13.598 1.650 0.714
Car 0 0 2.043 0.092 195.140 34.131 371.184 1.475 1.611 2.009 -4.965 0.924 6.047 1.355 0.662
Car 0 0 -1.436 609.449 175.231 664.256 204.047 1.526 1.634 3.915 1.446 0.889 38.215 -1.400 0.581
Car 0 0 2.001 328.049 161.252 476.777 222.210 1.519 1.631 3.661 -5.163 0.471 17.985 1.721 0.508
Car 0 0 1.961 270.617 181.178 401.356 238.843 1.526 1.634 3.915 -7.241 0.983 19.097 1.598 0.507
Car 0 0 2.017 479.734 170.172 532.740 200.353 1.526 1.634 3.915 -5.225 0.627 36.486 1.875 0.467
Car 0 0 -1.802 469.654 170.580 509.441 206.035 1.526 1.634 3.915 -5.166 0.665 31.059 -1.967 0.361
Car 0 0 -1.761 605.730 172.994 632.745 198.327 1.526 1.634 3.915 0.583 0.772 43.468 -1.748 0.320
