Car 0 0 1.813 396.545 190.268 523.904 272.291 1.526 1.634 3.915 -2.677 0.945 13.156 1.612 0.862
Pedestrian 0 0 -2.135 1064.299 205.054 1241.243 373.667 1.760 0.660 0.932 5.729 1.137 7.382 -1.475 0.842
Car 0 0 1.650 490.335 175.441 561.365 246.130 1.526 1.634 3.915 -1.689 0.654 15.265 1.538 0.752
Car 0 0 -2.027 874.261 131.665 1080.911 219.349 1.526 1.634 3.915 6.501 -0.087 12.307 -1.542 0.678
Car 0 0 1.651 606.086 175.072 635.430 197.162 1.527 1.649 4.620 1.153 0.388 48.888 1.674 0.649
Car 0 0 -1.777 727.538 178.169 787.509 220.647 1.526 1.634 3.915 5.513 0.679 25.404 -1.564 0.628
Car 0 0 1.698 554.098 178.718 605.986 224.271 1.526 1.634 3.915 -0.805 0.703 23.689 1.664 0.602
Truck 0 0 -1.942 868.589 130.823 1080.566 218.404 3.075 2.618 11.229 13.010 -0.207 24.827 -1.460 0.587
Car 0 0 2.139 0.221 187.725 44.506 284.490 1.526 1.634 3.915 -9.175 0.877 11.152 1.450 0.525
Car 0 0 -1.711 668.241 174.679 688.112 190.764 1.471 1.667 4.342 6.776 0.203 64.659 -1.607 0.262
