Car 0 0 -2.143 891.016 214.969 1241.699 370.556 1.526 1.634 3.915 4.481 1.176 7.078 -1.579 0.923
Truck 0 0 -1.777 684.381 112.635 860.551 268.221 3.075 2.618 11.229 3.220 0.347 14.262 -1.556 0.897
Car 0 0 -1.710 647.559 180.070 690.218 219.140 1.526 1.634 3.915 2.318 1.045 28.186 -1.629 0.624
Car 0 0 -2.556 123.341 179.637 413.970 268.828 1.526 1.634 3.915 -5.833 0.879 12.347 -2.998 0.608
Car 0 0 0.512 370.514 182.004 447.722 231.626 1.526 1.634 3.915 -6.165 1.045 22.192 0.241 0.573
Car 0 0 0.270 403.792 179.684 497.029 224.359 1.526 1.634 3.915 -5.437 0.996 24.649 0.053 0.501
Car 0 0 0.431 308.980 186.265 417.345 251.601 1.526 1.634 3.915 -5.756 1.076 16.854 0.102 0.463
Car 0 0 1.773 552.078 175.186 579.765 193.263 1.526 1.634 3.915 -3.684 0.960 60.917 1.712 0.429
Car 0 0 1.816 589.278 172.215 612.066 188.675 1.526 1.634 3.915 -0.824 0.704 66.903 1.803 0.398
Car 0 0 0.197 492.219 173.402 552.202 201.064 1.526 1.634 3.915 -4.819 0.793 39.809 0.076 0.312
Car 0 0 1.409 616.016 171.458 638.290 191.967 1.526 1.634 3.915 1.309 0.659 53.695 1.434 0.289
Car 0 0 1.343 683.976 180.771 709.501 249.098 1.526 1.634 3.915 1.947 0.940 16.117 1.463 0.288
Car 0 0 0.337 414.123 156.773 556.312 217.045 1.526 1.634 3.915 -3.149 0.356 18.270 0.167 0.277
