Car 0 0 2.023 67.812 173.530 304.019 321.727 1.580 1.628 4.287 -4.516 0.797 7.692 1.491 0.815
Car 0 0 1.991 293.127 182.875 394.213 265.792 1.526 1.634 3.915 -4.894 0.948 13.281 1.637 0.624
Truck 0 0 -2.059 856.590 159.362 946.564 214.530 3.075 2.618 11.229 16.279 0.786 40.222 -1.675 0.615
Car 0 0 2.019 380.299 178.175 479.045 232.136 1.526 1.634 3.915 -5.088 0.914 20.407 1.774 0.478
Car 0 0 0.895 515.321 176.161 566.380 204.477 1.526 1.634 3.915 -3.703 0.941 38.889 0.799 0.440
Car 0 0 -1.678 943.556 170.246 1000.333 212.637 1.526 1.634 3.915 13.047 0.669 25.977 -1.214 0.422
Car 0 0 -2.498 0.488 199.954 119.619 312.033 1.506 1.625 3.148 -7.382 1.117 9.693 -3.149 0.379
Car 0 0 -3.246 467.472 179.062 516.397 212.614 1.526 1.634 3.915 -5.350 1.045 32.821 -3.409 0.336
Car 0 0 0.227 414.856 177.253 515.554 217.584 1.526 1.634 3.915 -5.463 0.930 27.304 0.030 0.328
Car 0 0 -1.865 22.892 201.040 116.632 247.248 1.526 1.634 3.915 -17.829 1.694 23.831 -2.508 0.261
