Car 0 0 2.135 0.009 205.584 326.858 373.323 1.526 1.634 3.915 -4.059 1.061 6.565 1.580 0.880
Car 0 0 1.851 325.278 198.594 487.990 308.517 1.526 1.634 3.915 -2.817 1.120 10.018 1.576 0.854
Car 0 0 -0.816 985.737 173.151 1242.000 300.029 1.526 1.634 3.915 6.066 0.767 8.679 -0.206 0.847
Car 0 0 -2.032 1148.148 189.993 1241.778 361.986 1.526 1.634 3.915 5.195 0.915 6.403 -1.351 0.843
Car 0 0 -1.544 718.851 179.363 807.607 253.179 1.526 1.634 3.915 3.177 0.898 14.918 -1.335 0.772
Car 0 0 1.004 817.852 177.599 862.395 220.250 1.526 1.634 3.915 8.250 0.933 25.819 1.313 0.696
Car 0 0 1.712 450.121 189.522 519.905 259.518 1.526 1.634 3.915 -2.716 1.127 15.732 1.541 0.577
Car 0 0 1.646 514.527 179.418 568.809 223.738 1.526 1.634 3.915 -2.338 0.989 24.847 1.552 0.531
Car 0 0 2.137 927.932 160.306 1003.979 194.711 1.526 1.634 3.915 15.810 0.206 32.007 2.595 0.526
Car 0 0 -1.657 975.046 170.152 1025.540 206.249 1.526 1.634 3.915 16.520 0.649 30.507 -1.160 0.379
Car 0 0 1.871 476.609 174.180 553.865 225.138 1.526 1.634 3.915 -2.825 0.803 21.610 1.740 0.331
