Car 0 0 -1.069 768.017 175.263 931.914 264.863 1.526 1.634 3.915 4.095 0.804 12.290 -0.748 0.894
Car 0 0 2.032 250.367 190.522 386.106 264.041 1.526 1.634 3.915 -6.048 1.130 14.978 1.648 0.856
Car 0 0 -1.593 598.091 184.090 668.884 243.331 1.526 1.634 3.915 0.616 1.053 18.588 -1.560 0.769
Car 0 0 1.943 421.500 185.720 476.642 215.564 1.526 1.634 3.915 -8.207 1.421 36.899 1.724 0.562
Car 0 0 2.326 98.193 184.316 216.889 238.689 1.526 1.634 3.915 -12.688 1.085 20.253 1.766 0.534
Car 0 0 -1.716 668.045 184.133 706.183 215.548 1.526 1.634 3.915 3.768 1.311 35.054 -1.609 0.525
Car 0 0 -1.297 704.256 183.814 740.271 225.580 1.526 1.634 3.915 4.118 1.164 26.366 -1.142 0.406
Car 0 0 1.506 737.556 190.014 779.655 228.400 1.526 1.634 3.915 5.926 1.445 28.687 1.709 0.362
Car 0 0 1.609 471.562 184.605 510.960 218.440 1.526 1.634 3.915 -5.336 1.293 32.547 1.447 0.305
Car 0 0 1.799 537.606 182.950 563.251 202.606 1.526 1.634 3.915 -4.591 1.547 56.025 1.717 0.287
