Pedestrian 0 0 -2.016 609.126 169.696 655.764 302.028 1.760 0.660 0.932 0.304 0.838 9.599 -1.985 0.856
Pedestrian 0 0 -1.688 442.285 166.715 479.430 265.126 1.760 0.660 0.932 -2.660 0.770 12.908 -1.892 0.723
Pedestrian 0 0 -1.856 285.685 168.797 352.646 327.398 1.760 0.660 0.932 -3.223 0.835 8.009 -2.239 0.704
Pedestrian 0 0 -1.898 667.743 165.201 723.574 299.147 1.760 0.660 0.932 1.132 0.780 9.483 -1.781 0.618
Pedestrian 0 0 -1.958 238.331 167.094 288.897 312.449 1.760 0.660 0.932 -4.190 0.810 8.739 -2.405 0.533
Cyclist 0 0 2.151 6.787 236.634 161.429 351.752 1.739 0.571 1.833 -7.940 1.833 10.902 1.521 0.524
Car 0 0 1.952 477.137 166.644 525.031 205.560 1.526 1.634 3.915 -4.254 0.520 28.297 1.803 0.407
Pedestrian 0 0 1.956 720.514 168.699 749.380 229.025 1.760 0.660 0.932 3.659 0.759 21.057 2.127 0.290
Pedestrian 0 0 1.236 22.749 175.013 66.117 228.202 1.760 0.660 0.932 -18.705 0.952 23.882 0.571 0.281
Cyclist 0 0 -1.820 260.540 233.730 330.156 365.376 1.739 0.571 1.833 -4.152 1.674 9.534 -2.231 0.274
Cyclist 0 0 -0.855 716.509 204.453 816.143 282.781 1.739 0.571 1.833 3.481 1.571 16.023 -0.641 0.262
