Car 0 0 0.699 0.125 218.852 193.593 370.486 1.526 1.634 3.915 -5.160 1.226 7.262 0.081 0.863
Car 0 0 -2.581 1.943 183.761 258.766 304.525 1.526 1.634 3.915 -6.056 0.901 9.119 -3.167 0.790
Car 0 0 -2.305 942.747 279.917 1241.170 372.078 1.526 1.634 3.915 7.989 2.536 11.949 -1.716 0.788
Car 0 0 -1.859 728.082 193.066 863.069 282.766 1.526 1.634 3.915 3.165 1.107 12.276 -1.608 0.717
Car 0 0 -2.536 99.713 159.675 316.289 279.088 1.526 1.634 3.915 -5.132 0.595 9.222 -3.044 0.583
Car 0 0 -1.672 456.483 171.193 524.502 213.213 1.526 1.634 3.915 -4.325 0.703 26.206 -1.836 0.579
Car 0 0 -1.731 651.233 175.704 704.979 217.937 1.526 1.634 3.915 2.477 0.866 26.074 -1.636 0.537
Car 0 0 1.647 630.241 174.755 655.423 199.628 1.526 1.634 3.915 2.042 0.880 44.273 1.692 0.327
Car 0 0 -0.906 310.345 178.918 427.978 247.538 1.526 1.634 3.915 -5.347 0.898 16.048 -1.228 0.324
Car 0 0 2.482 1086.864 197.842 1142.308 228.856 1.526 1.634 3.915 24.852 1.993 35.506 3.092 0.301
Car 0 0 1.809 523.045 175.217 551.739 198.765 1.526 1.634 3.915 -4.677 0.916 46.763 1.709 0.291
