Car 0 0 -0.422 892.503 193.383 1181.353 290.944 1.526 1.634 3.915 6.686 1.084 11.287 0.111 0.897
Car 0 0 -2.097 848.612 180.912 990.611 264.996 1.526 1.634 3.915 5.628 0.909 13.097 -1.692 0.792
Car 0 0 0.512 213.548 180.848 412.066 268.017 1.526 1.634 3.915 -5.196 0.903 12.633 0.121 0.741
Car 0 0 0.182 447.411 174.935 513.471 213.449 1.526 1.634 3.915 -5.117 0.846 28.592 0.004 0.740
Car 0 0 -2.560 1.080 189.671 303.922 329.951 1.526 1.634 3.915 -4.973 0.946 7.850 -3.125 0.739
Car 0 0 -2.697 313.573 173.719 445.892 239.069 1.526 1.634 3.915 -5.367 0.783 16.851 -3.007 0.587
Car 0 0 -1.709 633.610 178.997 679.827 210.376 1.526 1.634 3.915 2.294 1.062 35.094 -1.645 0.558
Car 0 0 -1.081 0.060 198.681 115.981 353.968 1.519 1.631 3.664 -5.397 1.012 7.060 -1.734 0.368
Car 0 0 1.653 524.722 176.809 556.658 203.146 1.526 1.634 3.915 -3.991 0.992 41.813 1.557 0.326
Car 0 0 1.704 533.170 174.897 572.540 199.673 1.526 1.634 3.915 -3.493 0.889 44.445 1.624 0.318
Car 0 0 1.617 558.673 174.519 585.452 196.790 1.526 1.634 3.915 -2.570 0.877 49.445 1.565 0.315
