Car 0 0 -1.913 961.841 163.088 1231.041 363.632 1.526 1.634 3.915 3.705 0.689 5.491 -1.319 0.860
Truck 0 0 1.833 311.179 124.755 439.615 233.367 3.218 2.603 12.217 -6.938 0.184 21.377 1.519 0.741
Car 0 0 -1.669 582.872 168.592 658.498 236.762 1.526 1.634 3.915 0.249 0.668 16.154 -1.655 0.697
Car 0 0 2.053 125.806 173.181 280.905 240.865 1.526 1.634 3.915 -9.159 0.770 16.270 1.540 0.677
Car 0 0 1.821 495.334 171.963 519.265 188.704 1.526 1.634 3.915 -9.323 0.682 65.780 1.680 0.654
Truck 0 0 -1.012 740.113 142.101 935.544 255.335 3.075 2.618 11.229 6.200 0.702 19.596 -0.707 0.589
Car 0 0 1.532 692.394 167.742 744.449 220.304 1.486 1.616 2.392 3.077 0.598 20.392 1.681 0.581
Car 0 0 -1.008 1137.397 156.957 1241.521 315.290 1.526 1.634 3.915 5.590 0.610 6.955 -0.332 0.374
Pedestrian 0 0 1.265 481.461 175.171 492.383 210.151 1.760 0.660 0.932 -6.172 0.997 36.313 1.095 0.329
Car 0 0 -1.677 664.549 171.904 695.510 198.659 1.526 1.634 3.915 4.020 0.709 41.158 -1.579 0.275
