Car 0 0 2.065 95.922 196.915 232.386 312.945 1.526 1.634 3.915 -5.859 1.080 9.491 1.512 0.886
Car 0 0 -1.772 698.449 188.719 791.897 257.128 1.526 1.634 3.915 3.026 1.117 16.097 -1.587 0.885
Car 0 0 1.025 944.904 192.680 1241.076 372.540 1.526 1.634 3.915 4.102 0.931 6.123 1.614 0.885
Car 0 0 -0.941 177.025 195.851 377.989 279.826 1.526 1.634 3.915 -6.035 1.181 13.113 -1.372 0.860
Car 0 0 0.526 287.396 181.792 428.413 255.640 1.526 1.634 3.915 -5.201 0.948 14.912 0.190 0.820
Car 0 0 0.412 377.593 180.573 466.761 237.645 1.526 1.634 3.915 -5.011 0.969 19.295 0.157 0.800
Car 0 0 0.126 769.732 177.376 899.416 234.221 1.526 1.634 3.915 6.041 0.885 19.372 0.427 0.771
Car 0 0 2.039 0.284 159.340 107.947 344.443 1.526 1.634 3.915 -4.580 0.652 5.949 1.383 0.711
Car 0 0 1.862 497.054 177.859 549.891 206.481 1.526 1.634 3.915 -4.590 1.030 38.474 1.742 0.412
Car 0 0 -1.722 635.448 178.108 664.008 202.873 1.526 1.634 3.915 2.475 1.087 44.466 -1.667 0.396
Car 0 0 0.297 429.441 173.670 514.113 215.304 1.526 1.634 3.915 -5.051 0.793 26.449 0.107 0.391
Car 0 0 -1.366 693.168 174.321 745.138 211.321 1.526 1.634 3.915 4.521 0.824 29.763 -1.215 0.359
