Car 0 0 2.111 0.222 184.059 154.285 287.944 1.526 1.634 3.915 -7.820 0.928 10.600 1.475 0.883
Car 0 0 -2.232 232.211 179.876 442.259 273.648 1.490 1.618 2.571 -4.328 0.857 11.467 -2.593 0.840
Car 0 0 -1.624 586.299 181.115 640.657 226.347 1.526 1.634 3.915 0.132 1.042 24.346 -1.619 0.797
Car 0 0 -0.822 1052.189 177.831 1242.000 291.056 1.526 1.634 3.915 7.246 0.830 9.726 -0.181 0.790
Pedestrian 0 0 -1.623 793.113 176.029 825.789 264.763 1.760 0.660 0.932 3.966 0.943 14.315 -1.353 0.729
Car 0 0 -2.180 0.071 250.508 50.947 371.833 1.526 1.634 3.915 -7.347 1.740 9.076 -2.861 0.713
Car 0 0 1.658 535.301 172.394 566.313 207.754 1.524 1.633 3.847 -2.533 0.742 31.105 1.576 0.594
Car 0 0 -1.963 372.814 178.874 463.611 254.534 1.526 1.634 3.915 -3.860 0.885 14.555 -2.223 0.584
Car 0 0 -2.017 437.030 152.465 545.294 220.014 1.526 1.634 3.915 -2.675 0.302 16.302 -2.180 0.511
Car 0 0 -1.626 638.062 168.018 673.633 200.028 1.526 1.634 3.915 2.207 0.533 34.402 -1.563 0.468
Car 0 0 1.999 214.997 176.822 277.912 219.508 1.526 1.634 3.915 -12.982 0.905 25.798 1.532 0.340
Car 0 0 2.270 135.136 175.135 244.294 222.592 1.526 1.634 3.915 -13.502 0.836 23.204 1.743 0.314
Car 0 0 2.283 122.026 170.357 179.463 223.262 1.526 1.634 3.915 -13.236 0.691 20.814 1.716 0.252
