Pedestrian 0 0 0.740 1029.227 130.732 1132.025 368.442 1.760 0.660 0.932 3.529 0.512 5.236 1.333 0.860
Pedestrian 0 0 0.715 934.079 147.348 1045.241 368.888 1.760 0.660 0.932 3.064 0.617 5.619 1.214 0.848
Pedestrian 0 0 1.382 496.317 147.020 542.783 289.510 1.760 0.660 0.932 -1.044 0.467 8.736 1.262 0.786
Pedestrian 0 0 0.845 738.470 153.301 818.356 299.317 1.760 0.660 0.932 2.102 0.552 8.525 1.086 0.749
Pedestrian 0 0 0.795 911.117 150.325 957.110 296.091 1.760 0.660 0.932 3.986 0.516 8.539 1.231 0.735
Pedestrian 0 0 1.390 682.296 145.133 734.539 291.910 1.760 0.660 0.932 1.251 0.456 8.481 1.536 0.728
Pedestrian 0 0 0.848 835.642 150.179 891.905 296.826 1.760 0.660 0.932 3.118 0.516 8.488 1.199 0.652
Pedestrian 0 0 1.116 565.668 142.390 610.756 274.985 1.760 0.660 0.932 -0.211 0.374 9.388 1.094 0.615
Pedestrian 0 0 1.178 539.368 150.939 576.103 275.646 1.760 0.660 0.932 -0.654 0.463 9.981 1.111 0.541
Cyclist 0 0 2.320 345.875 181.341 483.521 278.160 1.739 0.571 1.833 -3.402 0.885 12.703 2.057 0.517
Pedestrian 0 0 1.103 637.134 141.195 675.694 265.801 1.760 0.660 0.932 0.739 0.325 9.990 1.176 0.497
Pedestrian 0 0 1.163 479.974 142.958 504.497 230.629 1.760 0.660 0.932 -2.246 0.126 14.198 1.006 0.414
Cyclist 0 0 1.081 288.842 184.048 408.405 294.767 1.739 0.571 1.833 -4.013 0.925 11.108 0.734 0.399
Pedestrian 0 0 0.966 612.479 151.388 648.834 271.664 1.760 0.660 0.932 0.389 0.454 10.349 1.002 0.360
Cyclist 0 0 1.271 255.090 199.933 324.632 302.669 1.739 0.571 1.833 -5.320 1.199 11.971 0.852 0.293
