Cyclist 0 0 2.461 729.028 218.426 849.265 326.052 1.739 0.571 1.833 2.902 1.606 11.661 2.705 0.865
Pedestrian 0 0 -1.896 897.851 151.056 948.674 300.358 1.694 0.629 -1.576 3.558 0.600 8.184 -1.486 0.778
Cyclist 0 0 2.247 1.714 251.502 170.909 369.108 1.739 0.571 1.833 -7.739 2.033 10.672 1.619 0.722
Pedestrian 0 0 -1.201 436.561 164.516 478.497 274.604 1.760 0.660 0.932 -2.431 0.747 11.539 -1.410 0.635
Cyclist 0 0 2.245 81.907 222.887 221.846 326.817 1.739 0.571 1.833 -7.660 1.707 12.076 1.679 0.580
Pedestrian 0 0 -1.900 769.084 150.808 810.064 257.590 1.760 0.660 0.932 2.968 0.517 11.896 -1.657 0.470
Pedestrian 0 0 1.432 496.755 170.842 527.700 256.346 1.760 0.660 0.932 -2.004 0.839 14.856 1.297 0.440
Cyclist 0 0 1.946 574.779 211.610 615.327 273.951 1.720 0.563 1.119 -0.400 1.930 19.912 1.926 0.347
Pedestrian 0 0 1.983 575.164 172.338 613.388 273.210 1.760 0.660 0.932 -0.267 0.871 12.593 1.961 0.327
Pedestrian 0 0 -2.099 211.004 165.173 271.755 299.666 1.743 0.652 0.293 -4.773 0.772 9.353 -2.572 0.283
Pedestrian 0 0 -0.898 229.980 167.461 270.721 212.524 1.760 0.660 0.932 -14.033 0.670 28.188 -1.360 0.252
