Pedestrian 0 0 1.021 901.572 141.069 996.583 350.255 1.760 0.660 0.932 2.857 0.613 6.072 1.460 0.838
Pedestrian 0 0 -1.763 563.544 142.840 600.479 236.225 1.760 0.660 0.932 -0.519 0.314 13.602 -1.801 0.780
Pedestrian 0 0 1.137 837.363 140.095 899.454 370.000 1.760 0.660 0.932 1.982 0.629 5.525 1.481 0.717
Pedestrian 0 0 1.423 605.008 139.808 638.921 231.764 1.760 0.660 0.932 0.237 0.248 13.814 1.439 0.707
Pedestrian 0 0 0.623 804.113 154.779 860.935 332.026 1.760 0.660 0.932 2.215 0.701 7.167 0.922 0.610
Cyclist 0 0 2.236 356.016 180.629 481.088 277.592 1.739 0.571 1.833 -3.427 1.009 12.944 1.977 0.539
Truck 0 0 -1.404 0.440 99.652 266.003 363.017 3.075 2.618 11.229 -5.562 0.683 8.425 -1.988 0.459
Pedestrian 0 0 1.295 525.964 144.658 555.285 223.710 1.760 0.660 0.932 -1.535 0.252 16.069 1.199 0.428
Cyclist 0 0 2.165 282.970 183.901 407.797 296.165 1.739 0.571 1.833 -4.093 1.041 11.180 1.814 0.425
Pedestrian 0 0 0.299 889.305 147.725 933.895 310.813 1.760 0.660 0.932 3.260 0.609 7.789 0.694 0.394
Pedestrian 0 0 1.779 442.274 142.640 470.413 214.231 1.760 0.660 0.932 -3.768 0.137 17.743 1.569 0.390
Pedestrian 0 0 1.234 472.406 149.834 491.984 218.937 1.760 0.660 0.932 -3.245 0.294 18.382 1.060 0.364
Cyclist 0 0 1.368 255.558 200.873 326.289 302.555 1.739 0.571 1.833 -5.451 1.349 12.343 0.951 0.310
Pedestrian 0 0 1.405 488.160 144.025 515.331 221.222 1.760 0.660 0.932 -2.459 0.223 16.455 1.256 0.309
