Pedestrian 0 0 1.960 610.736 165.888 657.224 310.721 1.760 0.660 0.932 0.297 0.796 8.771 1.993 0.810
Pedestrian 0 0 -1.907 668.389 162.991 730.737 305.377 1.760 0.660 0.932 1.113 0.758 8.921 -1.784 0.738
Cyclist 0 0 -0.860 722.341 211.650 831.880 298.407 1.739 0.571 1.833 3.359 1.648 14.467 -0.632 0.693
Pedestrian 0 0 1.589 438.732 167.304 466.617 246.125 1.760 0.660 0.932 -3.504 0.756 16.116 1.374 0.680
Pedestrian 0 0 -1.801 400.829 169.584 445.699 277.340 1.760 0.660 0.932 -3.044 0.827 11.788 -2.054 0.631
Pedestrian 0 0 -2.037 132.367 165.405 253.711 371.327 1.760 0.660 0.932 -3.561 0.817 6.169 -2.561 0.618
Cyclist 0 0 -1.461 405.613 218.992 451.419 295.297 1.739 0.571 1.833 -4.127 1.921 16.448 -1.708 0.584
Car 0 0 1.837 479.815 167.557 521.683 205.896 1.526 1.634 3.915 -4.332 0.552 28.723 1.686 0.423
Pedestrian 0 0 1.086 731.583 169.575 755.203 228.557 1.760 0.660 0.932 3.995 0.782 21.537 1.269 0.363
Cyclist 0 0 0.897 126.916 271.513 265.447 373.106 1.739 0.571 1.833 -7.078 2.559 12.354 0.377 0.319
Cyclist 0 0 2.241 0.086 253.243 108.507 350.098 1.739 0.571 1.833 -9.972 2.313 12.958 1.585 0.297
