Car 0 0 -2.269 0.000 209.920 285.321 372.155 1.526 1.634 3.915 -4.392 1.112 6.788 -2.844 0.921
Car 0 0 -1.827 721.586 181.813 818.220 246.247 1.526 1.634 3.915 3.798 0.975 17.090 -1.609 0.896
Car 0 0 1.986 202.719 170.159 435.617 346.997 1.526 1.634 3.915 -2.506 0.740 6.227 1.604 0.837
Truck 0 0 -2.033 962.098 97.560 1242.000 249.028 3.049 2.606 10.235 9.913 0.009 14.523 -1.434 0.824
Car 0 0 1.708 535.098 172.389 577.667 200.841 1.526 1.634 3.915 -2.852 0.738 38.704 1.634 0.645
Car 0 0 1.804 436.790 178.822 527.284 255.310 1.526 1.634 3.915 -2.544 0.882 14.397 1.629 0.607
Car 0 0 1.682 501.078 177.938 542.533 227.558 1.526 1.634 3.915 -2.699 0.919 22.193 1.560 0.374
Car 0 0 -1.790 686.419 167.043 773.391 227.596 1.526 1.634 3.915 3.033 0.617 18.186 -1.626 0.339
Car 0 0 1.559 635.089 181.539 671.125 199.945 1.526 1.634 3.915 3.611 1.483 59.827 1.619 0.262
Car 0 0 1.593 619.284 182.879 656.147 199.523 1.526 1.634 3.915 2.582 1.682 66.161 1.631 0.260
Car 0 0 -1.680 659.238 189.002 690.773 205.739 1.526 1.634 3.915 5.968 2.236 65.794 -1.589 0.259
