Car 0 0 2.599 730.338 158.982 894.807 222.262 1.526 1.634 3.915 4.896 0.429 17.402 2.872 0.799
Car 0 0 0.863 1039.430 143.593 1129.097 177.766 1.526 1.634 3.915 21.200 -0.544 32.223 1.444 0.715
Car 0 0 1.740 476.576 179.728 526.846 216.077 1.526 1.634 3.915 -4.528 1.052 30.295 1.590 0.695
Car 0 0 1.724 549.414 172.588 589.897 199.326 1.526 1.634 3.915 -2.278 0.748 41.184 1.668 0.578
Car 0 0 2.307 1213.116 139.482 1241.476 179.659 1.526 1.634 3.915 23.466 -0.505 27.409 3.015 0.534
Car 0 0 -1.769 925.924 149.706 973.388 174.487 1.526 1.634 3.915 20.946 -0.663 44.437 -1.329 0.435
Car 0 0 1.510 888.712 147.392 928.959 175.044 1.526 1.634 3.915 16.518 -0.642 39.823 1.902 0.389
Car 0 0 1.491 659.395 172.911 687.385 193.268 1.526 1.634 3.915 4.786 0.767 54.096 1.579 0.317
Pedestrian 0 0 1.393 343.720 203.600 368.623 255.163 1.760 0.660 0.932 -8.651 1.930 24.635 1.055 0.275
Car 0 0 1.609 526.148 176.341 548.616 202.266 1.526 1.634 3.915 -4.249 0.968 42.476 1.509 0.269
Car 0 0 1.803 534.749 178.755 558.159 199.785 1.526 1.634 3.915 -4.580 1.191 52.364 1.715 0.259
