Car 0 0 -1.896 738.699 194.097 962.609 324.210 1.526 1.634 3.915 2.828 1.012 8.463 -1.575 0.820
Car 0 0 0.607 130.770 182.461 376.430 284.304 1.526 1.634 3.915 -5.334 0.907 10.813 0.148 0.789
Truck 0 0 0.231 67.710 108.637 428.827 249.550 3.264 2.598 12.537 -8.369 0.145 16.714 -0.234 0.690
Car 0 0 -2.329 1.134 168.887 163.816 299.647 1.526 1.634 3.915 -6.152 0.717 8.421 -2.960 0.605
Car 0 0 -0.646 835.463 181.849 1040.909 244.285 1.526 1.634 3.915 8.033 0.983 17.637 -0.219 0.605
Car 0 0 -1.042 728.892 174.881 789.053 217.667 1.526 1.634 3.915 5.330 0.835 25.737 -0.839 0.558
Car 0 0 -2.362 447.527 170.925 507.886 211.968 1.526 1.634 3.915 -4.903 0.691 26.830 -2.543 0.541
Car 0 0 1.520 516.951 168.862 554.324 194.816 1.526 1.634 3.915 -4.347 0.528 42.430 1.417 0.496
Car 0 0 2.060 398.695 171.857 495.657 219.700 1.526 1.634 3.915 -5.180 0.731 23.017 1.838 0.452
Car 0 0 -1.057 0.139 240.708 87.836 359.978 1.526 1.634 3.915 -7.237 1.631 9.233 -1.722 0.448
Car 0 0 1.619 551.505 168.502 576.845 188.645 1.526 1.634 3.915 -3.439 0.433 54.668 1.556 0.386
Car 0 0 -1.771 630.127 175.431 656.915 194.626 1.526 1.634 3.915 2.700 0.968 57.370 -1.725 0.384
Car 0 0 -1.694 687.766 175.580 736.087 205.024 1.526 1.634 3.915 5.306 0.904 37.399 -1.555 0.304
Car 0 0 -1.986 732.904 190.362 822.379 298.737 1.526 1.634 3.915 2.367 1.010 10.161 -1.758 0.294
