Car 0 0 -1.038 0.087 130.646 341.871 372.007 1.526 1.634 3.915 -2.773 0.496 4.562 -1.586 0.908
Car 0 0 1.860 328.252 189.243 476.957 308.612 1.526 1.634 3.915 -2.646 0.973 9.225 1.580 0.879
Car 0 0 -0.062 686.000 175.093 898.588 246.603 1.526 1.634 3.915 3.900 0.811 15.399 0.185 0.786
Car 0 0 1.717 461.757 183.619 528.996 247.244 1.526 1.634 3.915 -2.739 1.021 17.308 1.560 0.736
Car 0 0 -1.414 633.512 172.845 702.267 215.346 1.526 1.634 3.915 2.095 0.763 25.910 -1.335 0.719
Car 0 0 1.587 491.892 161.199 555.906 222.098 1.526 1.634 3.915 -2.147 0.471 18.083 1.467 0.577
Car 0 0 -1.631 611.402 175.804 638.787 200.773 1.526 1.634 3.915 0.950 0.943 44.102 -1.610 0.446
Cyclist 0 0 2.317 1019.118 238.864 1240.673 373.162 1.739 0.571 1.833 6.739 1.725 9.345 2.941 0.368
Cyclist 0 0 -2.204 1007.633 306.138 1129.440 373.833 1.739 0.571 1.833 11.794 4.294 18.540 -1.638 0.356
Cyclist 0 0 2.201 939.920 256.699 1070.019 368.962 1.739 0.571 1.833 6.127 2.169 11.180 2.701 0.322
Cyclist 0 0 -2.686 843.891 212.807 941.659 274.621 1.739 0.571 1.833 7.970 1.994 20.304 -2.313 0.304
Car 0 0 -1.364 428.088 185.143 466.690 221.552 1.526 1.634 3.915 -6.798 1.278 30.245 -1.586 0.262
