Car 0 0 2.007 0.638 215.946 318.548 371.811 1.526 1.634 3.915 -4.406 1.185 7.065 1.448 0.893
Car 0 0 -2.153 753.123 208.844 1095.037 372.540 1.526 1.634 3.915 2.932 1.099 6.727 -1.742 0.885
Car 0 0 1.558 296.217 205.275 395.869 286.456 1.526 1.634 3.915 -4.954 1.373 13.565 1.208 0.830
Car 0 0 -1.963 669.916 199.058 808.882 295.078 1.526 1.634 3.915 2.064 1.180 11.469 -1.786 0.778
Car 0 0 1.698 391.803 181.141 455.902 235.572 1.521 1.632 3.715 -5.189 0.992 20.160 1.445 0.769
Car 0 0 -2.441 993.379 278.900 1241.235 373.687 1.526 1.634 3.915 8.175 2.471 11.618 -1.828 0.756
Car 0 0 -1.753 618.911 185.589 697.611 262.335 1.526 1.634 3.915 0.969 1.016 14.349 -1.686 0.646
Car 0 0 1.511 568.722 186.937 595.800 224.543 1.526 1.634 3.915 -1.108 1.335 29.282 1.473 0.518
Car 0 0 1.688 451.759 184.903 483.655 209.723 1.526 1.634 3.915 -8.722 1.504 44.367 1.493 0.503
Car 0 0 -1.930 586.431 186.559 632.349 238.699 1.526 1.634 3.915 -0.005 1.164 21.120 -1.931 0.392
Car 0 0 2.349 0.181 313.452 41.523 372.864 1.526 1.634 3.915 -15.123 4.375 18.535 1.664 0.331
Car 0 0 -1.809 609.915 189.633 640.537 253.951 1.526 1.634 3.915 0.372 1.161 17.121 -1.788 0.282
