Car 0 0 -2.231 903.957 212.428 1241.437 374.254 1.526 1.634 3.915 4.368 1.136 6.805 -1.661 0.940
Car 0 0 -1.916 783.418 182.916 954.141 289.648 1.512 1.628 3.391 3.673 0.899 10.223 -1.572 0.856
Car 0 0 1.783 422.051 187.035 506.217 238.528 1.526 1.634 3.915 -4.310 1.183 21.385 1.584 0.754
Car 0 0 1.695 551.774 180.842 584.694 198.025 1.526 1.634 3.915 -3.671 1.473 64.089 1.638 0.672
Car 0 0 -1.912 733.372 185.579 819.136 250.514 1.526 1.634 3.915 3.918 1.062 16.958 -1.686 0.622
Car 0 0 -1.727 715.995 180.603 764.994 227.010 1.526 1.634 3.915 4.306 1.018 23.729 -1.548 0.494
Car 0 0 1.696 490.596 185.538 531.128 224.933 1.526 1.634 3.915 -3.824 1.254 27.953 1.559 0.410
Car 0 0 2.198 679.679 177.127 712.439 213.219 1.526 1.634 3.915 3.658 0.944 30.512 2.318 0.342
Car 0 0 1.856 527.494 184.079 549.459 211.608 1.526 1.634 3.915 -3.941 1.385 40.002 1.757 0.309
Car 0 0 1.826 949.894 173.539 1011.892 203.296 1.515 1.629 3.491 18.904 0.792 36.732 2.300 0.267
