Car 0 0 0.615 0.000 200.446 270.709 363.525 1.526 1.634 3.915 -4.438 1.021 6.753 0.034 0.822
Car 0 0 -0.054 832.321 176.877 1040.198 261.267 1.526 1.634 3.915 5.908 0.836 13.049 0.371 0.815
Car 0 0 -1.851 754.571 198.547 933.984 325.342 1.526 1.634 3.915 2.825 1.072 8.685 -1.537 0.786
Car 0 0 -2.523 84.966 183.721 305.019 287.001 1.526 1.634 3.915 -6.126 0.924 10.662 -3.045 0.783
Car 0 0 0.704 233.838 184.901 384.876 278.070 1.526 1.634 3.915 -4.918 0.960 11.819 0.310 0.662
Car 0 0 2.248 0.099 283.204 78.249 373.191 1.526 1.634 3.915 -9.674 2.635 12.237 1.579 0.638
Car 0 0 -0.807 704.385 176.503 778.246 221.538 1.526 1.634 3.915 4.465 0.887 24.452 -0.627 0.603
Car 0 0 -2.595 267.714 179.582 425.774 249.858 1.526 1.634 3.915 -5.708 0.909 15.669 -2.946 0.519
Car 0 0 -1.704 636.658 176.636 669.030 203.711 1.526 1.634 3.915 2.440 0.976 40.671 -1.645 0.505
Car 0 0 -1.861 459.917 179.059 534.181 210.765 1.526 1.634 3.915 -5.416 1.062 34.731 -2.016 0.436
Car 0 0 -2.280 355.507 173.299 473.258 229.957 1.526 1.634 3.915 -5.257 0.775 19.436 -2.545 0.415
Car 0 0 -0.903 745.515 192.593 847.879 288.711 1.526 1.634 3.915 2.971 1.077 11.457 -0.650 0.306
Car 0 0 -1.788 458.598 178.841 492.099 214.933 1.526 1.634 3.915 -5.675 1.016 30.511 -1.972 0.276
