Car 0 0 2.054 64.343 192.565 367.422 364.441 1.526 1.634 3.915 -3.496 0.938 6.407 1.554 0.901
Car 0 0 2.374 1123.737 153.685 1241.488 269.023 1.526 1.634 3.915 7.583 0.509 9.548 3.045 0.822
Car 0 0 1.902 347.814 185.314 465.130 274.697 1.526 1.634 3.915 -3.468 0.976 12.320 1.627 0.820
Car 0 0 -1.678 673.362 178.161 756.938 240.097 1.526 1.634 3.915 2.602 0.894 17.780 -1.533 0.754
Car 0 0 2.047 898.409 165.208 1012.596 225.532 1.526 1.634 3.915 8.752 0.570 18.255 2.494 0.746
Car 0 0 1.998 1002.959 156.200 1142.044 230.184 1.526 1.634 3.915 9.550 0.420 14.884 2.567 0.728
Car 0 0 2.056 846.200 166.949 919.086 219.088 1.526 1.634 3.915 7.994 0.590 21.121 2.417 0.666
Car 0 0 1.824 465.665 175.227 539.965 226.553 1.526 1.634 3.915 -3.174 0.834 21.455 1.676 0.525
Car 0 0 1.701 492.885 166.461 561.672 211.159 1.526 1.634 3.915 -2.809 0.545 24.637 1.587 0.341
Car 0 0 1.756 800.604 169.353 861.360 209.117 1.526 1.634 3.915 8.498 0.629 27.693 2.052 0.328
Car 0 0 1.439 761.632 175.657 791.934 200.079 1.526 1.634 3.915 10.450 0.938 45.091 1.665 0.303
Car 0 0 2.031 19.524 199.750 85.013 227.991 1.526 1.634 3.915 -30.117 2.217 38.993 1.373 0.293
Car 0 0 1.460 83.150 203.851 112.353 218.076 1.526 1.634 3.915 -54.911 4.089 77.412 0.842 0.292
