Car 0 0 2.091 0.170 199.670 322.513 372.312 1.526 1.634 3.915 -3.962 1.000 6.379 1.534 0.915
Car 0 0 1.880 1056.529 156.235 1196.298 233.465 1.526 1.634 3.915 10.214 0.435 14.259 2.501 0.884
Car 0 0 1.884 294.719 189.140 446.937 297.302 1.526 1.634 3.915 -3.369 0.993 10.181 1.564 0.847
Car 0 0 2.005 927.195 164.809 1051.000 234.597 1.526 1.634 3.915 8.300 0.587 15.779 2.489 0.835
Car 0 0 2.103 862.810 167.570 950.365 224.134 1.526 1.634 3.915 8.014 0.621 19.468 2.493 0.717
Car 0 0 -1.745 673.824 176.032 772.353 246.637 1.526 1.634 3.915 2.454 0.832 15.597 -1.590 0.692
Car 0 0 1.790 457.359 175.742 533.050 229.324 1.526 1.634 3.915 -3.257 0.845 20.552 1.632 0.571
Car 0 0 1.820 490.934 167.190 561.912 213.814 1.526 1.634 3.915 -2.721 0.578 23.619 1.705 0.417
Car 0 0 -1.775 757.620 167.441 810.965 203.289 1.525 1.633 3.863 7.432 0.532 30.691 -1.538 0.402
Car 0 0 -1.473 0.539 202.532 74.862 248.522 1.526 1.634 3.915 -18.977 1.748 23.944 -2.144 0.346
Car 0 0 1.785 424.733 184.492 464.578 215.113 1.526 1.634 3.915 -8.219 1.343 35.962 1.559 0.344
Car 0 0 1.897 802.422 172.306 844.782 208.707 1.526 1.634 3.915 8.974 0.740 30.252 2.184 0.282
Car 0 0 1.627 525.284 170.790 567.599 210.875 1.526 1.634 3.915 -2.403 0.684 27.471 1.540 0.273
