Car 0 0 2.068 0.000 206.690 281.763 371.750 1.526 1.634 3.915 -4.334 1.076 6.672 1.491 0.896
Car 0 0 2.022 255.452 192.403 433.616 306.246 1.526 1.634 3.915 -3.553 1.025 9.673 1.670 0.849
Car 0 0 2.019 858.082 169.273 949.097 222.731 1.526 1.634 3.915 8.394 0.661 20.600 2.405 0.822
Car 0 0 -1.674 667.067 179.168 737.847 234.457 1.526 1.634 3.915 2.564 0.937 19.917 -1.546 0.736
Car 0 0 2.099 951.834 161.440 1043.876 218.864 1.526 1.634 3.915 10.320 0.460 19.177 2.592 0.642
Car 0 0 2.130 816.689 170.522 877.649 216.412 1.526 1.634 3.915 7.902 0.686 23.997 2.448 0.637
Car 0 0 2.247 1026.821 287.600 1241.417 372.644 1.526 1.634 3.915 9.414 2.822 12.949 2.875 0.632
Car 0 0 1.903 417.113 187.364 492.979 256.483 1.526 1.634 3.915 -3.412 1.083 15.932 1.692 0.539
Car 0 0 1.680 488.966 178.344 540.851 223.642 1.526 1.634 3.915 -3.189 0.948 24.310 1.548 0.489
Car 0 0 1.797 727.257 169.134 780.556 199.443 1.526 1.634 3.915 7.269 0.576 36.333 1.993 0.477
Car 0 0 -2.313 1005.368 125.859 1241.149 278.018 1.435 1.592 0.496 4.844 0.274 6.804 -1.695 0.458
Car 0 0 1.700 499.720 171.312 574.360 211.513 1.526 1.634 3.915 -2.753 0.705 27.392 1.599 0.372
Car 0 0 1.802 800.400 170.775 855.905 209.505 1.526 1.634 3.915 8.614 0.681 28.433 2.096 0.362
Car 0 0 1.636 552.257 174.964 575.823 206.235 1.526 1.634 3.915 -2.222 0.866 35.214 1.573 0.326
Truck 0 0 1.311 612.457 147.786 657.388 200.412 3.075 2.618 11.229 1.482 0.073 42.165 1.345 0.270
