Car 0 0 -1.140 49.453 197.904 435.792 372.358 1.526 1.634 3.915 -3.210 0.982 6.312 -1.611 0.903
Car 0 0 -2.062 777.322 183.728 1072.261 371.295 1.526 1.634 3.915 2.565 0.852 5.871 -1.651 0.847
Car 0 0 -1.306 350.545 188.637 487.588 301.504 1.526 1.634 3.915 -2.576 0.977 9.757 -1.564 0.821
Car 0 0 -1.678 565.104 178.908 622.620 227.458 1.526 1.634 3.915 -0.493 0.953 22.682 -1.700 0.771
Car 0 0 1.638 522.885 178.496 565.025 211.209 1.505 1.647 4.079 -3.018 1.012 33.194 1.546 0.715
Car 0 0 -1.790 645.822 181.377 704.223 225.261 1.526 1.634 3.915 2.277 1.059 25.093 -1.699 0.629
Car 0 0 -1.662 615.123 175.861 642.353 199.383 1.526 1.634 3.915 1.244 0.958 46.816 -1.636 0.531
Car 0 0 1.493 490.471 176.549 526.826 206.009 1.526 1.634 3.915 -5.228 0.955 37.379 1.354 0.441
Car 0 0 -1.709 452.784 175.222 482.532 206.057 1.526 1.634 3.915 -7.024 0.880 35.713 -1.904 0.341
Car 0 0 2.016 152.236 186.059 218.032 214.674 1.526 1.634 3.915 -22.637 1.467 38.483 1.484 0.255
