Car 0 0 -1.632 591.054 178.728 708.151 284.336 1.526 1.634 3.915 0.579 0.848 10.427 -1.578 0.900
Car 0 0 2.179 21.754 198.401 215.655 276.245 1.526 1.634 3.915 -9.624 1.264 14.146 1.581 0.893
Pedestrian 0 0 2.291 297.616 186.206 328.656 285.584 1.760 0.660 0.932 -5.251 1.117 12.782 1.901 0.663
Car 0 0 -1.572 723.676 175.293 800.059 233.506 1.518 1.631 3.624 3.973 0.823 18.821 -1.366 0.647
Car 0 0 1.750 515.172 184.715 549.563 203.621 1.526 1.634 3.915 -6.231 1.721 58.247 1.643 0.638
Car 0 0 2.058 228.969 181.074 303.192 222.399 1.526 1.634 3.915 -12.685 1.067 26.648 1.614 0.607
Car 0 0 1.998 319.483 189.927 400.358 248.923 1.526 1.634 3.915 -6.458 1.205 18.666 1.664 0.586
Car 0 0 1.753 387.808 187.249 423.697 219.857 1.526 1.634 3.915 -9.539 1.437 33.771 1.477 0.409
Car 0 0 -1.574 690.498 176.731 725.734 211.413 1.526 1.634 3.915 4.337 0.934 31.751 -1.439 0.396
Car 0 0 -1.677 770.469 179.803 842.012 232.695 1.526 1.634 3.915 5.675 0.964 20.820 -1.411 0.338
Car 0 0 1.785 400.581 186.163 436.739 216.726 1.526 1.634 3.915 -9.533 1.428 36.031 1.526 0.283
