Car 0 0 -1.968 28.939 176.701 312.516 366.801 1.526 1.634 3.915 -3.523 0.794 5.793 -2.515 0.901
Car 0 0 -1.876 737.369 191.651 846.677 263.000 1.526 1.634 3.915 3.903 1.165 15.434 -1.628 0.811
Car 0 0 -1.953 389.199 183.626 472.781 260.889 1.526 1.634 3.915 -3.527 0.976 14.253 -2.197 0.778
Car 0 0 2.066 0.163 159.431 98.593 263.048 1.526 1.634 3.915 -8.251 0.565 10.628 1.406 0.749
Car 0 0 -2.276 458.236 182.715 527.081 235.174 1.526 1.634 3.915 -3.401 1.050 20.992 -2.437 0.694
Car 0 0 -1.761 705.477 178.312 766.023 230.815 1.526 1.634 3.915 3.668 0.922 20.974 -1.589 0.678
Car 0 0 1.771 273.046 188.444 407.774 288.722 1.526 1.634 3.915 -4.096 1.000 10.982 1.414 0.677
Car 0 0 1.535 592.248 183.107 656.300 230.901 1.526 1.634 3.915 0.470 1.091 23.041 1.555 0.667
Car 0 0 -1.779 670.686 173.714 708.315 210.371 1.526 1.634 3.915 3.328 0.799 30.041 -1.669 0.504
Truck 0 0 -2.074 874.875 72.994 1241.143 371.533 3.043 2.604 10.015 4.571 0.504 7.354 -1.518 0.488
Car 0 0 -1.705 539.305 182.106 565.825 205.869 1.526 1.634 3.915 -3.660 1.357 46.341 -1.784 0.377
Car 0 0 -1.440 512.499 180.121 553.740 206.460 1.526 1.634 3.915 -4.429 1.184 41.810 -1.545 0.372
Car 0 0 1.544 575.338 169.554 601.758 191.402 1.526 1.634 3.915 -1.468 0.533 50.405 1.514 0.353
Car 0 0 1.601 641.728 166.459 663.888 190.336 1.526 1.634 3.915 2.764 0.354 46.120 1.659 0.281
Car 0 0 1.938 329.099 175.841 375.461 189.193 1.526 1.634 3.915 -29.408 1.105 82.475 1.595 0.272
