Car 0 0 1.684 542.642 180.992 594.640 219.128 1.526 1.634 3.915 -1.638 1.089 28.876 1.627 0.738
Car 0 0 1.991 185.418 185.827 276.430 226.568 1.526 1.634 3.915 -14.184 1.249 27.029 1.507 0.734
Car 0 0 -1.901 693.832 189.161 815.393 284.428 1.526 1.634 3.915 2.324 1.024 11.559 -1.703 0.681
Car 0 0 1.476 645.731 184.745 692.712 238.047 1.526 1.634 3.915 1.708 1.104 20.660 1.558 0.641
Car 0 0 2.011 0.170 196.136 348.069 369.764 1.526 1.634 3.915 -3.828 0.968 6.342 1.468 0.599
Car 0 0 1.761 487.523 174.880 529.975 208.271 1.526 1.634 3.915 -4.608 0.856 32.980 1.621 0.570
Car 0 0 -1.845 435.563 178.658 506.127 230.029 1.526 1.634 3.915 -4.121 0.936 21.436 -2.036 0.559
Car 0 0 -2.203 362.568 182.398 451.391 230.738 1.526 1.634 3.915 -6.396 1.064 22.780 -2.478 0.550
Car 0 0 -2.244 1101.014 0.869 1240.914 371.725 1.526 1.634 3.915 2.310 0.055 2.969 -1.584 0.433
Car 0 0 -1.790 676.705 188.245 726.654 258.114 1.526 1.634 3.915 2.012 1.099 15.761 -1.664 0.357
Car 0 0 -2.300 0.022 193.527 188.661 280.745 1.526 1.634 3.915 -9.016 1.125 12.626 -2.920 0.322
