Car 0 0 -2.277 168.414 185.773 383.194 294.421 1.510 1.627 3.302 -4.638 0.934 10.027 -2.711 0.856
Car 0 0 -1.642 582.486 178.391 638.098 225.163 1.526 1.634 3.915 0.024 0.944 23.544 -1.641 0.807
Car 0 0 -1.992 0.185 189.763 67.002 265.957 1.526 1.634 3.915 -11.537 1.102 14.453 -2.666 0.722
Car 0 0 -2.015 341.807 164.785 459.997 259.441 1.526 1.634 3.915 -3.364 0.633 11.634 -2.297 0.687
Car 0 0 -1.699 454.369 177.691 512.592 227.788 1.526 1.634 3.915 -3.841 0.910 21.981 -1.873 0.651
Car 0 0 -1.616 523.751 179.046 556.108 201.297 1.389 1.716 4.977 -4.346 1.081 45.031 -1.713 0.469
Car 0 0 1.693 572.216 172.031 593.372 195.958 1.526 1.634 3.915 -1.707 0.711 46.024 1.655 0.367
Car 0 0 -1.666 497.830 176.880 528.403 204.501 1.526 1.634 3.915 -5.329 0.986 39.868 -1.799 0.290
Car 0 0 -1.710 474.805 177.319 520.408 207.868 1.507 1.626 3.213 -5.524 0.974 35.604 -1.865 0.283
Car 0 0 1.976 261.573 149.221 355.022 190.838 1.526 1.634 3.915 -11.048 -0.104 26.460 1.580 0.274
