Car 0 0 -1.459 590.543 182.507 627.111 215.579 1.526 1.634 3.915 0.219 0.855 32.628 -1.453 0.575
Car 0 0 1.499 1087.288 181.728 1131.212 202.589 1.526 1.634 3.915 36.958 0.852 51.728 2.119 0.570
Car 0 0 1.874 1017.589 179.307 1057.271 197.711 1.526 1.634 3.915 35.937 0.664 58.634 2.423 0.524
Car 0 0 1.646 106.845 202.353 137.691 219.624 1.526 1.634 3.915 -42.577 2.694 62.480 1.048 0.524
Car 0 0 1.864 984.165 181.104 1016.649 199.061 1.526 1.634 3.915 33.685 0.814 60.095 2.375 0.473
Car 0 0 1.690 1130.597 179.683 1192.297 203.662 1.526 1.634 3.915 35.475 0.711 45.001 2.357 0.466
Pedestrian 0 0 2.081 274.552 199.684 290.489 233.468 1.760 0.660 0.932 -16.756 1.880 36.844 1.654 0.392
Car 0 0 2.068 0.289 196.504 50.524 234.104 1.526 1.634 3.915 -23.489 1.412 28.699 1.381 0.370
Car 0 0 1.295 1166.603 180.000 1215.595 202.591 1.526 1.634 3.915 39.656 0.729 47.765 1.987 0.331
Car 0 0 1.861 398.171 184.223 428.195 204.338 1.527 1.646 4.469 -14.493 1.046 53.678 1.597 0.309
Car 0 0 1.530 166.537 184.573 225.799 218.452 1.526 1.634 3.895 -18.369 0.946 31.840 1.007 0.290
Car 0 0 1.982 927.042 181.594 953.046 199.257 1.526 1.634 3.915 29.030 0.857 61.094 2.426 0.282
