Car 0 0 2.124 0.108 205.184 330.392 371.095 1.526 1.634 3.915 -4.087 1.060 6.637 1.571 0.898
Car 0 0 1.900 400.579 176.884 513.172 250.457 1.526 1.634 3.915 -3.167 0.847 14.968 1.691 0.895
Car 0 0 2.005 1145.833 152.772 1241.334 270.764 1.526 1.634 3.915 7.554 0.503 9.333 2.685 0.866
Car 0 0 2.052 1014.691 153.961 1193.046 244.364 1.526 1.634 3.915 8.345 0.444 12.181 2.652 0.735
Car 0 0 -1.771 708.088 182.978 753.797 240.311 1.526 1.634 3.915 3.231 1.033 19.207 -1.605 0.718
Car 0 0 -1.169 951.092 160.340 1042.602 226.904 1.526 1.634 3.915 8.880 0.476 16.543 -0.677 0.646
Car 0 0 -1.826 734.690 176.305 889.642 283.322 1.526 1.634 3.915 2.889 0.812 10.290 -1.552 0.568
Car 0 0 1.272 569.480 174.155 621.077 194.568 1.526 1.634 3.915 -1.068 0.860 53.947 1.252 0.532
Car 0 0 1.667 542.144 175.664 568.264 208.583 1.526 1.634 3.915 -2.520 0.893 33.452 1.591 0.406
Car 0 0 2.270 859.559 164.917 948.652 213.571 1.526 1.634 3.915 9.239 0.514 22.633 2.658 0.345
Car 0 0 1.540 473.225 159.693 558.392 221.975 1.526 1.634 3.915 -2.297 0.441 17.681 1.409 0.336
Car 0 0 2.234 897.099 159.881 984.878 214.168 1.526 1.634 3.915 9.318 0.398 20.285 2.663 0.253
