Car 0 0 -0.963 411.320 179.481 541.837 249.527 1.526 1.634 3.915 -2.897 0.907 15.721 -1.146 0.819
Truck 0 0 2.212 0.376 52.821 388.260 264.432 3.117 2.575 9.430 -6.117 -0.210 10.629 1.690 0.798
Car 0 0 -1.578 719.941 169.392 750.742 195.962 1.526 1.634 3.915 7.225 0.564 41.446 -1.406 0.794
Car 0 0 -1.233 600.883 174.740 689.242 236.415 1.526 1.634 3.915 0.879 0.810 17.855 -1.184 0.729
Car 0 0 1.772 680.921 171.296 707.836 194.676 1.526 1.634 3.915 5.537 0.661 47.101 1.889 0.640
Car 0 0 2.176 1036.631 157.989 1086.814 178.388 1.526 1.634 3.915 33.829 -0.349 53.983 2.735 0.436
Car 0 0 1.987 1102.733 156.747 1143.172 178.382 1.526 1.634 3.915 36.216 -0.373 50.899 2.605 0.422
Car 0 0 -1.671 1204.260 153.452 1241.094 173.717 1.526 1.634 3.915 46.175 -0.698 54.340 -0.967 0.403
Car 0 0 1.899 891.818 156.089 916.778 172.416 1.526 1.634 3.915 27.551 -0.804 67.447 2.286 0.348
Car 0 0 1.653 1170.032 154.303 1204.679 175.166 1.526 1.634 3.915 42.266 -0.594 52.781 2.328 0.323
Car 0 0 1.547 1135.367 154.739 1176.700 176.707 1.526 1.634 3.915 37.964 -0.495 50.126 2.195 0.289
