Car 0 0 -2.625 322.551 175.243 426.495 239.911 1.526 1.634 3.915 -5.547 0.819 17.029 -2.941 0.820
Car 0 0 -2.557 0.394 185.166 231.099 306.694 1.526 1.634 3.915 -6.201 0.918 9.061 -3.158 0.808
Car 0 0 2.055 0.157 241.965 128.877 370.166 1.526 1.634 3.915 -6.489 1.586 8.590 1.408 0.783
Car 0 0 0.627 187.963 192.386 342.370 295.596 1.526 1.634 3.915 -5.093 1.052 10.670 0.181 0.756
Car 0 0 -1.900 716.547 190.065 846.458 280.430 1.526 1.634 3.915 2.904 1.054 12.186 -1.667 0.612
Car 0 0 0.415 363.274 169.842 490.885 234.799 1.526 1.634 3.915 -4.287 0.692 16.953 0.167 0.540
Truck 0 0 1.449 619.781 161.347 676.218 207.220 3.075 2.618 11.229 2.577 0.766 48.372 1.500 0.531
Car 0 0 0.524 209.656 171.789 388.002 266.180 1.526 1.634 3.915 -5.024 0.746 11.666 0.116 0.404
Car 0 0 1.378 467.943 179.775 512.064 205.005 1.526 1.634 3.915 -7.232 1.182 43.648 1.214 0.395
Car 0 0 1.197 505.527 171.581 544.433 201.557 1.526 1.634 3.915 -4.306 0.698 36.737 1.079 0.387
Car 0 0 -0.176 700.237 174.445 764.293 219.357 1.526 1.634 3.915 4.170 0.817 24.519 -0.007 0.362
Car 0 0 -2.372 813.633 183.782 916.689 233.594 1.526 1.634 3.915 7.831 1.098 22.107 -2.031 0.337
Car 0 0 1.795 533.973 171.486 563.853 194.755 1.526 1.634 3.915 -3.978 0.673 47.326 1.710 0.302
Car 0 0 1.417 620.419 161.575 676.377 205.593 1.524 1.633 3.846 1.345 0.372 24.987 1.470 0.270
