Car 0 0 -2.246 979.067 258.236 1241.395 370.718 1.526 1.634 3.915 6.793 1.922 9.790 -1.640 0.768
Car 0 0 -1.770 724.475 182.920 810.632 251.833 1.526 1.634 3.915 3.499 0.986 15.980 -1.556 0.741
Car 0 0 0.840 356.950 194.079 443.099 263.952 1.526 1.634 3.915 -4.577 1.227 15.760 0.557 0.581
Car 0 0 -1.730 570.548 171.169 605.815 196.914 1.526 1.634 3.915 -1.267 0.663 42.774 -1.760 0.484
Car 0 0 2.172 369.587 183.941 468.649 233.429 1.526 1.634 3.915 -5.873 1.105 22.252 1.914 0.477
Car 0 0 -1.910 520.778 177.912 557.463 212.385 1.526 1.634 3.915 -3.118 0.987 31.944 -2.008 0.459
Car 0 0 1.525 652.601 165.326 685.977 197.006 1.491 1.655 4.190 2.810 0.391 33.948 1.607 0.458
Car 0 0 1.599 483.560 180.961 532.668 219.267 1.526 1.634 3.915 -4.042 1.086 28.748 1.459 0.436
Car 0 0 -1.699 0.108 291.288 23.317 374.818 1.526 1.634 3.915 -10.923 2.927 13.183 -2.391 0.389
Car 0 0 -1.698 681.201 179.297 718.330 211.052 1.526 1.634 3.915 4.335 1.073 34.678 -1.575 0.335
Car 0 0 2.023 424.985 183.598 471.710 226.866 1.526 1.634 3.915 -5.686 1.142 25.451 1.803 0.331
Truck 0 0 -1.039 3.986 182.247 360.684 297.811 3.053 2.608 10.386 -11.286 1.775 19.061 -1.574 0.304
Car 0 0 -1.823 620.683 171.890 640.865 186.663 1.526 1.634 3.915 2.192 0.663 74.542 -1.794 0.291
Car 0 0 -2.285 436.485 182.508 497.270 221.851 1.520 1.632 3.701 -5.514 1.133 27.885 -2.482 0.263
