Pedestrian 0 0 -2.322 0.160 197.057 68.334 370.720 1.760 0.660 0.932 -5.832 1.126 7.315 -2.995 0.822
Pedestrian 0 0 2.197 152.556 171.698 221.377 356.581 1.760 0.660 0.932 -4.024 0.869 6.871 1.666 0.781
Pedestrian 0 0 1.774 403.839 166.813 462.616 295.758 1.760 0.660 0.932 -2.407 0.798 9.851 1.534 0.774
Pedestrian 0 0 -1.790 1008.730 157.271 1073.048 297.004 1.760 0.660 0.932 5.434 0.684 9.091 -1.252 0.748
Cyclist 0 0 2.247 696.715 191.440 753.530 245.829 1.739 0.571 1.833 3.696 1.464 23.076 2.405 0.632
Cyclist 0 0 -0.952 836.953 215.793 1042.539 371.604 1.732 0.573 1.828 3.671 1.343 8.021 -0.524 0.589
Pedestrian 0 0 -1.737 581.193 159.068 607.217 233.517 1.760 0.660 0.932 -0.363 0.554 17.062 -1.759 0.504
Pedestrian 0 0 -1.903 506.148 161.987 527.350 228.098 1.753 0.657 0.659 -2.461 0.588 19.135 -2.032 0.503
Pedestrian 0 0 -1.752 552.899 162.042 571.350 221.865 1.760 0.660 0.932 -1.396 0.562 21.234 -1.818 0.412
Cyclist 0 0 -2.797 107.097 214.736 346.854 314.502 1.739 0.571 1.833 -6.670 1.600 12.580 -3.286 0.361
