Car 0 0 2.386 1019.729 139.810 1241.260 236.296 1.526 1.634 3.915 8.240 0.240 11.413 3.011 0.898
Car 0 0 2.199 0.280 233.509 105.307 373.839 1.526 1.634 3.915 -6.055 1.423 7.847 1.541 0.893
Car 0 0 2.081 92.250 209.330 298.568 331.206 1.526 1.634 3.915 -5.186 1.220 9.035 1.559 0.843
Car 0 0 2.467 969.275 141.195 1109.830 226.266 1.526 1.634 3.915 7.714 0.195 12.945 3.004 0.826
Car 0 0 1.972 291.125 196.279 406.744 265.804 1.526 1.634 3.915 -5.721 1.277 15.839 1.625 0.806
Car 0 0 2.490 901.371 148.901 1014.537 218.185 1.526 1.634 3.915 7.674 0.235 15.894 2.939 0.695
Car 0 0 1.883 399.308 190.913 475.057 240.045 1.526 1.634 3.915 -5.355 1.324 22.413 1.649 0.662
Car 0 0 -1.755 692.748 177.383 782.421 239.944 1.526 1.634 3.915 3.123 0.874 17.602 -1.581 0.657
Car 0 0 -3.019 835.651 158.386 938.798 207.023 1.526 1.634 3.915 8.713 0.309 22.641 -2.652 0.580
Car 0 0 -1.780 680.114 176.551 733.046 224.208 1.526 1.634 3.915 3.107 0.881 23.107 -1.647 0.538
Car 0 0 1.828 590.434 171.397 620.453 192.210 1.526 1.634 3.915 -0.302 0.656 52.911 1.822 0.506
Car 0 0 1.501 659.679 178.658 689.983 208.307 1.526 1.634 3.915 3.360 1.062 37.142 1.590 0.430
Car 0 0 1.881 496.694 185.512 528.559 211.451 1.526 1.634 3.915 -5.703 1.508 42.452 1.747 0.341
Car 0 0 1.816 448.335 186.567 496.282 227.049 1.526 1.634 3.915 -5.174 1.280 27.202 1.628 0.295
