Car 0 0 -0.348 982.255 159.052 1192.563 232.424 1.526 1.634 3.915 9.940 0.476 15.008 0.236 0.724
Car 0 0 1.456 171.923 209.935 239.670 271.029 1.526 1.634 3.915 -10.086 1.689 18.025 0.945 0.716
Car 0 0 -1.286 588.960 167.450 644.619 213.011 1.526 1.634 3.915 0.242 0.582 24.170 -1.277 0.630
Car 0 0 1.619 641.951 167.070 671.782 195.024 1.526 1.634 3.915 2.583 0.447 39.392 1.683 0.627
Car 0 0 2.039 230.500 210.959 291.570 253.372 1.526 1.634 3.915 -12.541 2.134 25.964 1.589 0.490
Car 0 0 1.540 285.681 207.009 327.546 248.834 1.526 1.634 3.915 -11.054 2.009 26.329 1.142 0.464
Car 0 0 2.128 313.655 199.711 449.971 245.367 1.526 1.634 3.915 -7.613 1.661 24.120 1.821 0.401
Car 0 0 1.673 224.430 212.901 260.192 249.670 1.526 1.634 3.915 -15.244 2.425 29.949 1.202 0.337
Car 0 0 1.676 678.266 162.557 703.894 179.638 1.526 1.634 3.915 7.284 -0.157 64.468 1.789 0.326
Car 0 0 -0.374 857.904 160.439 992.119 219.835 1.526 1.634 3.915 8.106 0.444 18.540 0.039 0.284
