Car 0 0 -1.004 0.773 218.887 432.251 369.727 1.526 1.634 3.915 -3.977 1.229 7.300 -1.503 0.861
Car 0 0 1.039 779.135 211.600 1236.650 370.331 1.526 1.634 3.915 3.830 1.136 6.938 1.542 0.840
Car 0 0 -1.529 332.199 194.697 479.061 304.828 1.526 1.634 3.915 -2.826 1.066 9.999 -1.805 0.817
Car 0 0 -1.963 710.313 181.736 848.721 288.607 1.526 1.634 3.915 2.427 0.890 10.304 -1.732 0.801
Car 0 0 -1.675 560.600 181.641 620.635 230.477 1.526 1.634 3.915 -0.592 1.038 22.549 -1.702 0.731
Car 0 0 2.108 0.208 199.635 105.566 315.935 1.526 1.634 3.915 -7.305 1.115 9.469 1.450 0.613
Car 0 0 -1.704 520.827 177.390 557.511 209.229 1.513 1.642 4.016 -3.345 0.972 34.291 -1.802 0.597
Car 0 0 2.131 174.506 185.476 263.475 223.947 1.526 1.634 3.915 -15.494 1.264 28.624 1.634 0.575
Car 0 0 1.809 452.411 188.034 509.821 253.267 1.526 1.634 3.915 -3.005 1.118 16.881 1.633 0.536
Car 0 0 2.149 287.395 189.089 351.583 237.067 1.526 1.634 3.915 -9.227 1.280 22.952 1.766 0.431
Car 0 0 1.964 35.171 190.516 105.480 226.456 1.526 1.634 3.915 -22.898 1.513 30.640 1.322 0.327
Car 0 0 -1.756 425.476 189.686 496.991 273.019 1.526 1.634 3.915 -2.716 1.071 13.215 -1.959 0.308
Car 0 0 0.971 489.328 175.989 522.758 199.386 1.526 1.634 3.915 -6.752 0.968 47.066 0.828 0.257
Car 0 0 -1.743 629.538 181.158 679.473 217.499 1.526 1.634 3.915 1.888 1.112 30.302 -1.682 0.257
