Car 0 0 2.142 0.820 190.788 433.240 371.596 1.526 1.634 3.915 -3.313 0.914 6.090 1.643 0.894
Car 0 0 1.694 451.418 189.071 503.977 233.138 1.526 1.634 3.915 -4.567 1.325 24.989 1.513 0.744
Car 0 0 1.802 402.193 192.330 470.385 252.001 1.526 1.634 3.915 -4.432 1.261 18.455 1.566 0.698
Car 0 0 0.197 935.082 146.406 1062.512 204.146 1.526 1.634 3.915 10.288 0.064 19.072 0.691 0.641
Car 0 0 -1.850 675.877 176.375 735.217 217.273 1.526 1.634 3.915 3.582 0.895 26.926 -1.719 0.494
Car 0 0 1.737 518.285 185.504 548.210 214.474 1.526 1.634 3.915 -4.020 1.430 38.012 1.632 0.400
Car 0 0 1.919 606.145 175.205 645.742 192.569 1.526 1.634 3.915 1.440 0.970 63.417 1.941 0.391
Car 0 0 -1.863 1055.128 144.652 1131.106 184.663 1.526 1.634 3.915 18.445 -0.313 27.522 -1.272 0.369
Car 0 0 -1.616 610.041 178.706 650.059 214.216 1.526 1.634 3.915 0.881 1.015 31.011 -1.588 0.364
Car 0 0 1.949 1180.065 134.353 1242.000 184.425 1.526 1.634 3.915 18.333 -0.410 21.992 2.644 0.352
Car 0 0 -1.547 1130.755 149.649 1191.412 185.539 1.523 1.633 3.794 23.403 -0.223 30.617 -0.895 0.315
Car 0 0 1.652 541.113 186.018 555.201 204.481 1.526 1.634 3.915 -5.076 1.851 59.644 1.566 0.271
