Car 0 0 -2.550 83.094 182.574 219.100 272.537 1.526 1.634 3.915 -7.778 0.928 12.241 -3.116 0.618
Car 0 0 -2.363 281.721 182.116 376.484 235.715 1.526 1.634 3.915 -7.986 1.027 20.545 -2.734 0.615
Car 0 0 0.027 192.371 177.941 301.005 244.561 1.526 1.634 3.915 -8.313 0.880 16.530 -0.440 0.607
Car 0 0 1.946 0.000 184.199 156.848 302.135 1.526 1.634 3.915 -6.873 0.910 9.337 1.311 0.604
Car 0 0 -1.571 647.041 169.071 676.358 193.826 1.526 1.634 3.915 3.215 0.530 44.484 -1.499 0.554
Car 0 0 2.157 1084.772 149.407 1197.679 181.048 1.526 1.634 3.915 25.644 -0.368 34.803 2.792 0.545
Car 0 0 1.470 389.840 178.176 451.581 213.533 1.526 1.634 3.915 -8.152 0.993 31.145 1.213 0.425
Car 0 0 1.701 680.260 169.983 702.565 189.796 1.526 1.634 3.915 6.305 0.542 55.581 1.813 0.382
Car 0 0 0.174 1135.391 150.653 1241.352 187.922 1.526 1.634 3.915 23.703 -0.146 29.547 0.850 0.282
Car 0 0 1.703 467.031 173.177 503.132 201.384 1.526 1.634 3.915 -6.735 0.781 39.041 1.532 0.250
