Car 0 0 -1.856 722.982 175.210 901.738 307.849 1.526 1.634 3.915 2.333 0.790 8.302 -1.582 0.859
Car 0 0 0.603 0.000 205.338 251.019 349.433 1.526 1.634 3.915 -5.127 1.107 7.642 0.011 0.857
Car 0 0 -2.567 116.142 194.709 342.122 286.476 1.526 1.634 3.915 -6.327 1.127 12.000 -3.052 0.833
Car 0 0 -0.898 0.112 269.731 85.855 372.889 1.526 1.634 3.915 -8.382 2.196 10.675 -1.564 0.792
Car 0 0 1.308 689.526 181.330 747.282 254.548 1.526 1.634 3.915 2.269 0.940 15.040 1.457 0.655
Car 0 0 -1.695 660.433 174.293 710.732 223.001 1.526 1.634 3.915 2.382 0.808 22.609 -1.591 0.508
Car 0 0 1.815 363.807 182.722 447.184 239.784 1.526 1.634 3.904 -5.457 1.027 19.295 1.539 0.448
Car 0 0 1.275 484.371 176.186 535.411 208.019 1.526 1.634 3.915 -4.778 0.923 34.593 1.136 0.427
Car 0 0 -1.715 640.447 180.068 666.020 210.050 1.526 1.634 3.915 2.223 1.130 36.728 -1.655 0.415
Car 0 0 -2.263 420.870 173.791 534.346 211.411 1.526 1.634 3.915 -5.353 0.801 29.272 -2.445 0.368
Car 0 0 -1.137 252.721 187.319 370.341 256.412 1.526 1.634 3.915 -6.583 1.083 15.938 -1.529 0.307
Car 0 0 1.743 538.548 175.555 567.595 196.922 1.526 1.634 3.915 -4.035 0.956 51.539 1.665 0.300
Car 0 0 1.630 611.817 169.793 634.506 190.733 1.526 1.634 3.915 0.991 0.540 52.589 1.649 0.281
