Car 0 0 -2.123 860.290 216.398 1242.000 374.129 1.526 1.634 3.915 4.273 1.184 6.981 -1.574 0.882
Car 0 0 -2.610 260.832 190.263 416.706 261.453 1.526 1.634 3.915 -5.805 1.136 15.468 -2.970 0.835
Car 0 0 2.595 821.491 199.074 1053.789 283.837 1.526 1.634 3.915 5.907 1.235 12.992 3.021 0.815
Car 0 0 -0.935 0.666 85.306 311.257 354.732 1.526 1.634 3.915 -2.569 0.267 4.087 -1.497 0.802
Car 0 0 -0.542 772.006 195.412 888.534 249.591 1.526 1.634 3.915 6.217 1.399 20.325 -0.245 0.730
Car 0 0 0.176 490.399 185.276 542.162 217.604 1.526 1.634 3.915 -4.404 1.350 34.063 0.047 0.518
Car 0 0 2.147 382.930 190.023 475.658 244.866 1.526 1.634 3.915 -5.017 1.241 20.079 1.901 0.506
Car 0 0 -1.773 635.800 191.599 676.004 213.369 1.526 1.634 3.915 3.249 2.077 50.584 -1.710 0.488
Car 0 0 0.271 432.072 184.731 499.495 230.064 1.526 1.634 3.915 -4.840 1.163 24.291 0.073 0.431
Car 0 0 1.700 547.280 184.178 584.553 210.335 1.526 1.634 3.915 -2.546 1.424 42.101 1.638 0.371
Car 0 0 -1.715 760.066 193.471 810.841 239.541 1.526 1.634 3.915 5.827 1.446 23.903 -1.476 0.370
Car 0 0 1.586 569.610 186.681 596.534 209.681 1.416 1.700 4.764 -1.631 1.560 44.433 1.549 0.337
Car 0 0 2.082 0.131 277.276 155.903 371.124 1.526 1.634 3.915 -8.644 2.461 11.734 1.447 0.289
Car 0 0 -1.702 514.756 184.224 549.451 213.891 1.526 1.634 3.915 -3.985 1.348 37.119 -1.809 0.287
Car 0 0 -1.950 697.473 190.791 729.048 225.758 1.526 1.634 3.915 4.526 1.546 31.492 -1.808 0.253
