Car 0 0 -2.003 737.063 177.120 921.356 297.339 1.526 1.634 3.915 2.788 0.817 9.160 -1.708 0.881
Car 0 0 1.982 221.454 193.571 376.563 294.543 1.526 1.634 3.915 -4.694 1.076 10.906 1.576 0.849
Cyclist 0 0 2.000 126.185 271.757 279.620 373.738 1.739 0.571 1.833 -6.936 2.557 12.307 1.486 0.848
Pedestrian 0 0 -2.123 939.973 148.586 999.352 270.555 1.760 0.660 0.932 5.198 0.530 10.415 -1.660 0.779
Pedestrian 0 0 2.264 134.766 186.470 257.047 365.784 1.760 0.660 0.932 -4.061 1.014 7.084 1.743 0.714
Pedestrian 0 0 1.784 381.104 172.285 424.148 260.353 1.760 0.660 0.932 -4.137 0.869 14.424 1.504 0.701
Car 0 0 1.735 456.627 175.794 506.334 213.821 1.526 1.634 3.915 -5.140 0.881 28.958 1.559 0.699
Car 0 0 -1.898 665.844 166.200 771.208 249.771 1.526 1.634 3.915 1.990 0.642 13.177 -1.749 0.693
Car 0 0 2.128 0.526 205.882 278.183 369.534 1.526 1.634 3.915 -4.385 1.071 6.729 1.550 0.480
Car 0 0 1.257 661.391 166.588 698.537 223.911 1.526 1.634 3.915 1.874 0.596 19.211 1.353 0.388
Cyclist 0 0 1.846 369.245 211.420 421.123 279.243 1.739 0.571 1.833 -5.498 1.859 18.505 1.557 0.364
Car 0 0 1.693 422.177 178.299 457.126 230.402 1.526 1.634 3.915 -4.977 0.923 21.135 1.461 0.346
Car 0 0 1.651 529.288 168.540 555.808 192.280 1.526 1.634 3.897 -4.307 0.486 46.371 1.558 0.310
Pedestrian 0 0 -1.921 632.186 160.031 651.348 196.487 1.760 0.660 0.932 1.555 0.261 34.844 -1.877 0.264
