Pedestrian 0 0 0.013 1028.290 139.214 1144.130 340.514 1.760 0.660 0.932 4.169 0.586 6.310 0.597 0.875
Pedestrian 0 0 2.139 26.925 164.181 152.288 373.150 1.760 0.660 0.932 -4.380 0.807 6.079 1.514 0.838
Car 0 0 1.919 357.173 152.789 481.549 239.277 1.526 1.634 3.915 -3.356 0.409 12.732 1.661 0.734
Pedestrian 0 0 2.293 779.476 151.233 830.085 296.430 1.760 0.660 0.932 2.367 0.618 8.749 2.556 0.724
Pedestrian 0 0 1.959 226.612 161.808 274.039 290.173 1.760 0.660 0.932 -4.927 0.729 9.896 1.497 0.653
Pedestrian 0 0 1.726 740.658 178.356 778.327 248.888 1.760 0.660 0.932 3.742 1.018 18.010 1.930 0.538
Pedestrian 0 0 -2.276 180.785 164.218 222.415 274.315 1.760 0.660 0.932 -6.523 0.742 11.538 -2.791 0.526
Car 0 0 1.747 472.639 156.514 508.859 205.307 1.526 1.634 3.915 -3.716 0.252 22.569 1.583 0.408
Pedestrian 0 0 -1.459 125.072 162.651 155.225 250.367 1.713 0.638 -0.843 -9.168 0.657 14.092 -2.036 0.405
Pedestrian 0 0 2.262 1156.699 132.442 1207.356 256.225 1.760 0.660 0.932 8.142 0.305 10.262 2.933 0.398
