Car 0 0 1.974 173.317 183.809 485.028 371.218 1.526 1.634 3.915 -2.283 0.852 5.876 1.603 0.904
Car 0 0 -0.855 1112.341 235.716 1241.543 371.820 1.526 1.634 3.915 6.362 1.468 8.091 -0.189 0.821
Car 0 0 -0.146 884.609 144.178 1027.996 203.299 1.526 1.634 3.915 8.951 0.023 18.626 0.302 0.788
Car 0 0 1.662 454.001 186.871 504.359 227.838 1.526 1.634 3.915 -4.857 1.285 26.880 1.483 0.696
Car 0 0 -2.107 664.259 176.311 724.965 216.687 1.526 1.634 3.915 3.215 0.894 27.273 -1.991 0.512
Car 0 0 1.821 588.325 173.565 630.984 191.397 1.526 1.634 3.915 0.008 0.824 61.755 1.820 0.503
Car 0 0 1.719 518.849 182.469 548.268 209.946 1.526 1.634 3.915 -4.221 1.297 40.076 1.613 0.480
Car 0 0 1.851 1150.715 134.202 1227.884 181.497 1.490 1.618 2.564 18.266 -0.473 22.733 2.528 0.456
Car 0 0 -1.633 1101.443 148.806 1160.665 184.532 1.526 1.634 3.915 22.278 -0.264 30.823 -1.007 0.335
Car 0 0 -1.954 1028.465 144.095 1104.059 184.092 1.526 1.634 3.915 17.427 -0.334 27.532 -1.390 0.292
Car 0 0 1.393 637.285 177.246 656.520 195.344 1.526 1.634 3.915 3.149 1.134 60.849 1.443 0.275
Car 0 0 1.552 604.618 178.394 642.958 208.240 1.526 1.634 3.915 0.728 1.046 36.895 1.571 0.256
