Car 0 0 -0.915 260.394 188.968 524.581 327.794 1.526 1.634 3.915 -2.386 0.940 7.932 -1.208 0.921
Car 0 0 2.158 0.155 199.334 249.857 349.975 1.526 1.634 3.915 -4.909 1.031 7.310 1.566 0.918
Car 0 0 -1.438 695.277 171.734 739.717 203.023 1.526 1.634 3.915 5.265 0.708 35.195 -1.290 0.870
Truck 0 0 2.374 59.221 84.700 453.588 240.849 3.623 2.502 11.923 -8.194 -0.234 16.742 1.918 0.809
Car 0 0 -1.485 666.306 174.108 695.974 198.025 1.526 1.634 3.915 4.568 0.843 46.044 -1.386 0.481
Car 0 0 -1.678 1204.374 153.208 1241.096 173.396 1.526 1.634 3.915 46.355 -0.722 54.546 -0.974 0.435
Car 0 0 2.163 1036.819 157.954 1086.367 178.112 1.526 1.634 3.915 34.224 -0.365 54.629 2.722 0.420
Car 0 0 1.620 483.788 176.918 518.092 204.919 1.526 1.634 3.915 -5.920 0.985 39.327 1.469 0.401
Car 0 0 1.964 1103.006 156.075 1144.282 177.784 1.526 1.634 3.915 36.141 -0.416 50.725 2.583 0.396
Car 0 0 1.629 1169.826 154.938 1204.946 175.207 1.526 1.634 3.915 43.507 -0.586 54.327 2.304 0.375
Car 0 0 1.945 891.785 156.092 916.643 172.391 1.526 1.634 3.915 27.590 -0.806 67.562 2.332 0.341
Car 0 0 1.572 1134.939 155.961 1173.473 176.652 1.526 1.634 3.915 40.174 -0.483 53.222 2.219 0.293
Car 0 0 -1.588 621.607 153.375 649.155 183.449 1.526 1.634 3.915 1.310 -0.225 36.616 -1.552 0.268
