Car 0 0 2.311 0.270 232.797 195.924 374.774 1.526 1.634 3.915 -5.498 1.407 7.756 1.694 0.923
Car 0 0 -2.119 907.790 160.143 1238.112 310.161 1.526 1.634 3.915 4.714 0.634 7.340 -1.549 0.900
Car 0 0 1.991 201.607 188.894 433.659 333.352 1.526 1.634 3.915 -3.084 0.933 7.623 1.605 0.890
Car 0 0 -1.593 682.890 178.433 750.581 232.589 1.526 1.634 3.915 3.020 0.920 20.334 -1.446 0.823
Car 0 0 1.769 422.831 192.132 512.043 264.458 1.526 1.634 3.915 -2.999 1.170 15.226 1.574 0.725
Car 0 0 -1.206 768.328 176.512 813.062 209.869 1.526 1.634 3.915 8.288 0.930 33.013 -0.961 0.689
Car 0 0 1.789 482.660 186.214 538.494 239.539 1.526 1.634 3.915 -2.833 1.145 20.651 1.651 0.644
Car 0 0 1.422 515.886 180.272 566.269 215.094 1.526 1.634 3.915 -3.001 1.088 31.624 1.327 0.627
Car 0 0 2.214 731.291 175.399 772.284 213.338 1.526 1.634 3.915 5.721 0.865 29.026 2.408 0.468
Car 0 0 -1.625 849.661 182.669 927.889 237.615 1.526 1.634 3.915 7.755 1.036 20.041 -1.257 0.357
Car 0 0 -1.746 883.103 160.273 924.813 187.448 1.526 1.634 3.915 16.534 0.057 40.523 -1.359 0.346
Car 0 0 1.946 819.441 160.144 851.165 175.220 1.526 1.634 3.915 22.852 -0.524 73.043 2.249 0.259
