Car 0 0 1.763 660.383 171.016 724.026 217.491 1.526 1.634 3.915 2.714 0.703 23.694 1.877 0.788
Car 0 0 -1.003 517.169 175.684 604.879 228.305 1.526 1.634 3.915 -1.408 0.845 20.927 -1.070 0.744
Car 0 0 1.777 435.828 181.156 480.230 213.547 1.526 1.634 3.915 -7.140 1.154 33.997 1.570 0.700
Car 0 0 -1.577 727.977 168.618 753.210 191.945 1.526 1.634 3.915 8.573 0.486 47.208 -1.399 0.664
Car 0 0 -1.879 477.799 176.383 520.769 206.844 1.526 1.634 3.915 -5.525 0.940 36.151 -2.031 0.479
Car 0 0 1.519 1103.269 157.298 1141.889 178.400 1.526 1.634 3.915 37.104 -0.362 52.184 2.136 0.432
Car 0 0 2.140 1036.947 158.010 1086.353 178.076 1.526 1.634 3.915 34.385 -0.366 54.878 2.699 0.418
Car 0 0 1.484 1204.597 153.709 1241.070 173.757 1.526 1.634 3.915 46.686 -0.694 54.928 2.188 0.352
Car 0 0 1.934 891.483 156.432 916.437 172.390 1.526 1.634 3.915 28.157 -0.807 69.009 2.320 0.342
Car 0 0 1.672 1170.039 154.824 1205.254 175.592 1.526 1.634 3.915 42.483 -0.562 53.024 2.347 0.334
Car 0 0 1.630 1137.092 155.192 1175.689 176.476 1.526 1.634 3.915 39.212 -0.503 51.740 2.278 0.305
Car 0 0 1.991 354.961 182.173 389.619 208.115 1.526 1.634 3.915 -13.959 1.311 42.450 1.673 0.259
