Pedestrian 0 0 0.067 1085.565 173.434 1221.655 364.140 1.760 0.660 0.932 5.022 0.886 6.661 0.713 0.772
Pedestrian 0 0 1.230 273.981 165.219 299.690 226.723 1.760 0.660 0.932 -9.238 0.662 20.653 0.809 0.625
Pedestrian 0 0 -1.760 77.849 156.582 112.723 223.593 1.760 0.660 0.932 -13.511 0.453 18.956 -2.380 0.609
Pedestrian 0 0 1.781 134.722 148.317 160.965 236.128 1.760 0.660 0.932 -9.257 0.388 14.466 1.211 0.580
Pedestrian 0 0 1.970 112.089 152.819 140.863 236.136 1.760 0.660 0.932 -10.208 0.457 15.246 1.380 0.561
Car 0 0 -1.773 1058.067 185.998 1130.238 218.935 1.524 1.633 3.840 22.425 1.370 33.390 -1.182 0.526
Car 0 0 -1.598 546.792 171.303 582.348 201.242 1.526 1.634 3.915 -2.293 0.684 36.781 -1.661 0.464
Pedestrian 0 0 1.979 259.228 155.211 274.460 200.566 1.760 0.660 0.932 -13.303 0.195 28.007 1.535 0.430
Pedestrian 0 0 1.680 177.039 156.825 205.622 229.742 1.760 0.660 0.932 -10.098 0.493 17.421 1.154 0.425
Car 0 0 -2.198 960.862 184.917 1063.304 221.458 1.526 1.634 3.915 16.812 1.267 30.136 -1.690 0.423
Car 0 0 1.818 1014.250 187.252 1065.006 219.575 1.526 1.634 3.915 20.307 1.443 34.069 2.355 0.360
Pedestrian 0 0 2.032 302.037 151.899 320.931 192.698 1.760 0.660 0.932 -12.862 -0.024 31.135 1.639 0.304
