Cyclist 0 0 -0.602 849.103 210.158 1144.772 369.717 1.739 0.571 1.833 4.223 1.276 7.866 -0.110 0.835
Car 0 0 0.266 370.479 170.139 480.817 227.104 1.526 1.634 3.915 -4.927 0.690 19.331 0.016 0.674
Car 0 0 -1.794 664.775 175.714 749.054 242.120 1.526 1.634 3.915 2.237 0.829 16.583 -1.661 0.624
Car 0 0 1.262 462.717 178.211 508.738 217.021 1.526 1.634 3.915 -4.870 0.974 28.374 1.091 0.529
Cyclist 0 0 2.067 7.073 218.268 193.366 372.355 1.739 0.571 1.833 -5.750 1.382 8.145 1.452 0.526
Car 0 0 -2.622 242.815 185.324 406.807 246.050 1.526 1.634 3.915 -7.156 1.077 18.134 -2.999 0.460
Cyclist 0 0 2.045 179.150 207.569 306.524 310.871 1.739 0.571 1.833 -6.175 1.454 12.150 1.574 0.429
Pedestrian 0 0 -2.050 20.703 164.707 54.059 217.370 1.760 0.660 0.932 -19.128 0.608 24.121 -2.721 0.350
Car 0 0 1.515 503.709 176.689 537.610 204.041 1.526 1.634 3.915 -4.961 0.977 40.261 1.391 0.272
Car 0 0 -1.682 625.774 176.513 652.983 202.058 1.526 1.634 3.915 1.782 0.982 43.109 -1.641 0.252
