Car 0 0 1.978 172.987 187.880 467.347 371.565 1.526 1.634 3.915 -2.404 0.888 5.995 1.596 0.879
Car 0 0 -1.852 691.599 191.922 840.859 295.251 1.526 1.634 3.915 2.314 1.045 10.657 -1.638 0.837
Car 0 0 -2.068 797.843 207.291 1212.570 373.187 1.526 1.634 3.915 3.640 1.080 6.638 -1.567 0.828
Car 0 0 1.674 518.606 181.942 556.163 211.788 1.526 1.634 3.915 -3.691 1.228 36.897 1.574 0.550
Car 0 0 1.483 643.482 179.767 679.972 226.144 1.526 1.634 3.915 1.717 0.991 23.745 1.554 0.527
Car 0 0 1.953 425.925 184.761 514.135 281.180 1.526 1.634 3.915 -2.209 0.952 11.421 1.762 0.522
Car 0 0 -1.820 668.187 180.146 747.036 247.118 1.526 1.634 3.915 2.234 0.929 16.443 -1.685 0.482
Car 0 0 1.664 475.901 182.429 529.233 243.572 1.526 1.634 3.915 -2.671 1.002 18.010 1.516 0.447
Car 0 0 1.643 547.031 172.605 578.162 203.818 1.526 1.634 3.915 -2.296 0.751 35.280 1.577 0.354
Car 0 0 1.751 596.855 175.708 629.334 195.572 1.526 1.634 3.915 0.272 0.982 55.438 1.756 0.295
Car 0 0 -1.326 0.057 116.429 149.303 345.514 1.526 1.634 3.915 -3.563 0.387 4.807 -1.965 0.265
Car 0 0 1.397 668.239 186.322 696.948 242.589 1.526 1.634 3.915 1.981 1.128 19.571 1.497 0.257
