Car 0 0 2.047 151.748 194.869 392.708 336.238 1.526 1.634 3.915 -3.642 1.001 7.790 1.609 0.906
Car 0 0 1.938 363.480 188.229 464.886 270.503 1.526 1.634 3.915 -3.624 1.048 13.385 1.674 0.769
Car 0 0 1.790 477.764 186.204 530.487 232.539 1.526 1.634 3.915 -3.473 1.203 23.766 1.644 0.696
Car 0 0 -1.780 701.153 176.342 759.133 219.965 1.514 1.628 3.448 4.184 0.878 25.037 -1.614 0.695
Car 0 0 2.245 151.549 179.489 246.066 224.758 1.526 1.634 3.915 -13.848 0.987 24.326 1.727 0.688
Car 0 0 1.970 453.691 198.099 502.202 248.873 1.526 1.634 3.915 -3.956 1.522 21.688 1.788 0.622
Car 0 0 1.547 571.239 185.134 598.371 203.179 1.526 1.634 3.915 -2.094 1.802 61.024 1.512 0.503
Car 0 0 1.297 526.937 179.903 568.882 202.575 1.526 1.634 3.915 -4.150 1.238 48.571 1.211 0.336
Car 0 0 1.888 578.194 180.605 617.254 198.826 1.526 1.634 3.915 -0.991 1.412 60.437 1.870 0.291
Car 0 0 -1.723 693.743 175.181 720.753 211.138 1.526 1.634 3.915 4.146 0.862 30.625 -1.589 0.256
