Car 0 0 -2.549 5.295 187.097 228.864 296.053 1.526 1.634 3.915 -6.898 0.963 10.107 -3.148 0.926
Car 0 0 -2.629 206.551 179.355 423.266 247.663 1.526 1.634 3.915 -6.583 0.908 16.121 -3.018 0.871
Car 0 0 2.592 888.985 159.320 1241.957 301.619 1.526 1.634 3.915 4.890 0.618 7.739 3.155 0.842
Car 0 0 2.093 0.203 192.456 144.366 355.260 1.515 1.629 3.482 -4.998 0.940 6.713 1.453 0.830
Car 0 0 1.552 396.611 169.653 481.522 226.352 1.526 1.634 3.915 -4.589 0.677 19.422 1.320 0.769
Truck 0 0 -1.799 665.558 138.165 770.152 234.971 3.075 2.618 11.229 3.440 0.436 22.922 -1.651 0.683
Car 0 0 1.702 636.609 149.876 679.469 204.019 1.526 1.634 3.915 1.367 0.115 20.339 1.769 0.605
Car 0 0 -1.762 667.417 136.185 769.836 234.935 1.526 1.634 3.915 1.686 0.196 11.151 -1.613 0.464
Car 0 0 1.242 534.191 168.271 567.916 193.150 1.526 1.634 3.915 -3.589 0.482 44.261 1.161 0.328
Car 0 0 1.192 474.731 172.237 511.770 204.166 1.526 1.634 3.915 -5.560 0.734 34.489 1.032 0.306
Car 0 0 0.138 488.694 159.521 564.044 198.277 1.526 1.634 3.915 -3.276 0.238 28.414 0.022 0.304
