Car 0 0 -2.224 927.006 200.541 1241.675 371.797 1.526 1.634 3.915 4.231 1.010 6.430 -1.642 0.912
Car 0 0 -2.499 0.000 188.526 170.598 353.608 1.526 1.634 3.915 -4.847 0.908 6.671 -3.128 0.749
Car 0 0 -1.779 701.881 191.265 794.648 255.121 1.526 1.634 3.915 3.315 1.203 17.245 -1.589 0.734
Car 0 0 0.479 286.901 178.969 422.164 258.516 1.526 1.634 3.915 -4.893 0.880 13.843 0.138 0.717
Car 0 0 -2.650 161.532 183.633 348.767 261.865 1.526 1.634 3.915 -6.914 0.973 14.076 -3.107 0.705
Car 0 0 0.541 395.505 175.288 512.484 228.711 1.526 1.634 3.915 -4.444 0.833 20.613 0.328 0.683
Car 0 0 1.910 780.504 183.202 870.939 229.830 1.526 1.634 3.915 7.075 1.102 23.617 2.200 0.455
Car 0 0 -1.794 619.714 161.888 675.275 203.518 1.526 1.634 3.915 1.391 0.361 26.452 -1.742 0.434
Truck 0 0 -1.776 621.203 162.234 674.863 203.807 3.075 2.618 11.229 2.846 0.752 53.375 -1.723 0.392
Car 0 0 -1.717 520.388 169.091 556.545 198.928 1.526 1.634 3.915 -3.636 0.571 36.908 -1.816 0.391
Car 0 0 1.605 548.555 170.106 581.377 192.075 1.526 1.634 3.915 -3.098 0.572 50.125 1.542 0.338
Car 0 0 1.388 492.996 176.826 526.813 201.900 1.516 1.652 4.532 -6.026 0.998 43.629 1.249 0.322
Car 0 0 -2.546 376.376 177.777 456.048 234.773 1.526 1.634 3.915 -5.177 0.895 19.321 -2.808 0.308
