Pedestrian 0 0 -2.110 950.712 142.179 1022.196 326.053 1.751 0.656 0.593 3.590 0.584 6.873 -1.629 0.818
Pedestrian 0 0 -1.340 364.718 161.125 422.718 309.549 1.760 0.660 0.932 -2.560 0.741 8.558 -1.631 0.810
Cyclist 0 0 2.307 774.829 236.572 954.133 373.187 1.739 0.571 1.833 3.246 1.681 9.187 2.646 0.793
Cyclist 0 0 -1.786 462.378 210.056 495.813 291.686 1.726 0.565 1.314 -2.758 1.649 15.253 -1.965 0.731
Pedestrian 0 0 1.783 456.429 171.353 501.976 288.543 1.760 0.660 0.932 -1.958 0.858 10.839 1.604 0.678
Pedestrian 0 0 -1.939 599.421 170.090 643.317 286.661 1.760 0.660 0.932 0.178 0.839 10.897 -1.923 0.667
Pedestrian 0 0 -1.185 835.139 138.655 899.124 261.691 1.760 0.660 0.932 3.686 0.391 10.324 -0.842 0.584
Pedestrian 0 0 -1.209 270.787 201.737 308.851 292.612 1.750 0.655 0.527 -6.156 1.431 13.892 -1.627 0.378
Pedestrian 0 0 -1.754 580.949 171.932 602.410 225.763 1.760 0.660 0.932 -0.585 0.850 23.597 -1.780 0.340
Cyclist 0 0 -2.836 651.892 202.275 704.698 250.870 1.739 0.571 1.833 2.460 1.923 25.827 -2.742 0.325
Pedestrian 0 0 2.082 319.829 193.466 360.603 236.152 1.760 0.660 0.932 -11.109 1.730 29.759 1.725 0.316
Pedestrian 0 0 1.364 551.966 175.113 568.151 226.872 1.760 0.660 0.932 -1.684 0.957 24.542 1.295 0.281
Pedestrian 0 0 2.257 19.604 173.135 95.105 323.620 1.732 0.647 -0.132 -6.356 0.869 8.305 1.604 0.255
