Car 0 0 -1.633 582.797 178.746 642.370 225.888 1.526 1.634 3.915 0.098 0.954 23.359 -1.630 0.849
Car 0 0 -1.323 493.055 184.466 565.631 233.120 1.526 1.634 3.915 -2.516 1.127 22.633 -1.434 0.822
Car 0 0 -1.735 374.918 180.532 445.491 246.889 1.526 1.634 3.915 -4.585 0.940 16.595 -2.004 0.741
Car 0 0 2.233 0.230 187.401 186.057 273.613 1.526 1.634 3.915 -9.142 1.021 12.773 1.612 0.729
Truck 0 0 -1.929 735.190 89.973 1003.896 302.861 3.075 2.618 11.229 3.756 0.340 10.423 -1.583 0.715
Car 0 0 0.942 407.957 177.259 472.638 214.173 1.526 1.634 3.915 -6.998 0.945 29.831 0.711 0.582
Car 0 0 -1.936 231.681 181.161 399.142 268.526 1.526 1.634 3.915 -5.139 0.908 12.605 -2.323 0.525
Car 0 0 -1.934 723.939 188.685 748.651 270.897 1.526 1.634 3.915 2.353 1.057 13.395 -1.760 0.453
Car 0 0 0.961 463.689 175.375 516.379 206.201 1.520 1.631 3.691 -5.895 0.884 35.584 0.797 0.316
Car 0 0 -2.017 673.076 175.937 712.284 227.573 1.526 1.634 3.915 2.457 0.854 21.326 -1.903 0.306
