Car 0 0 2.016 0.692 210.288 323.646 373.900 1.526 1.634 3.915 -4.173 1.112 6.731 1.461 0.905
Car 0 0 1.378 343.239 189.790 433.232 254.850 1.526 1.634 3.915 -5.192 1.160 16.926 1.080 0.777
Car 0 0 2.604 625.853 178.604 711.037 208.257 1.526 1.634 3.915 3.031 1.059 37.136 2.685 0.545
Car 0 0 2.286 713.474 175.733 754.119 195.216 1.461 1.673 4.415 9.319 0.947 54.122 2.456 0.433
Truck 0 0 1.959 240.223 161.840 337.863 216.533 3.075 2.618 11.229 -18.022 0.918 40.571 1.541 0.418
Car 0 0 -0.919 169.589 184.563 280.152 220.517 1.526 1.634 3.915 -16.330 1.260 30.629 -1.409 0.361
Car 0 0 2.390 505.336 178.958 576.534 210.544 1.526 1.634 3.915 -3.316 1.058 34.864 2.294 0.304
Car 0 0 2.035 487.924 182.144 545.793 214.001 1.526 1.634 3.915 -4.441 1.208 34.568 1.906 0.284
Car 0 0 1.746 622.105 185.519 651.850 205.976 1.526 1.634 3.915 2.045 1.708 53.829 1.783 0.277
Pedestrian 0 0 -1.763 803.230 172.386 831.945 224.023 1.760 0.660 0.932 7.092 0.864 24.600 -1.483 0.259
