Car 0 0 2.340 0.454 220.763 127.898 369.332 1.526 1.634 3.915 -5.546 1.177 7.263 1.688 0.908
Car 0 0 -1.961 744.873 179.728 959.839 309.991 1.526 1.634 3.915 2.909 0.754 8.284 -1.623 0.884
Car 0 0 2.064 119.452 200.745 339.866 309.800 1.526 1.634 3.915 -5.240 1.046 9.895 1.576 0.870
Car 0 0 1.807 339.496 178.592 427.930 246.451 1.526 1.634 3.915 -4.956 0.720 15.902 1.504 0.604
Car 0 0 1.905 427.865 181.660 479.982 226.734 1.526 1.634 3.915 -5.084 0.802 23.941 1.694 0.537
Car 0 0 1.751 510.932 183.798 542.661 203.923 1.526 1.634 3.915 -5.861 1.013 53.620 1.641 0.506
Car 0 0 1.644 544.979 178.886 578.782 198.313 1.526 1.634 3.915 -3.315 0.636 55.547 1.583 0.398
Car 0 0 1.128 931.220 160.200 1000.762 181.060 1.526 1.634 3.915 26.477 -0.723 51.728 1.600 0.392
Car 0 0 -1.705 633.154 175.813 665.567 194.086 1.526 1.634 3.915 3.782 0.371 59.054 -1.641 0.390
Car 0 0 1.912 471.407 180.244 510.485 217.111 1.526 1.634 3.915 -4.683 0.752 29.269 1.752 0.348
