Pedestrian 0 0 -1.812 629.083 172.202 651.934 222.528 1.760 0.660 0.932 1.083 0.857 25.241 -1.770 0.569
Truck 0 0 -1.260 462.744 149.584 558.158 223.822 3.075 2.618 11.229 -4.106 0.574 29.890 -1.398 0.568
Pedestrian 0 0 2.077 253.961 164.965 296.701 263.641 1.760 0.660 0.932 -5.963 0.739 12.873 1.643 0.555
Cyclist 0 0 -1.949 240.121 197.932 323.473 288.516 1.739 0.571 1.833 -6.294 1.351 13.855 -2.376 0.529
Pedestrian 0 0 1.493 310.067 168.749 339.662 250.224 1.760 0.660 0.932 -6.152 0.792 15.591 1.117 0.496
Cyclist 0 0 2.187 95.168 201.067 173.270 254.186 1.739 0.571 1.833 -15.566 1.794 23.628 1.604 0.395
Pedestrian 0 0 -1.735 1201.913 292.944 1241.509 372.320 1.760 0.660 0.932 13.577 3.544 16.003 -1.032 0.365
Pedestrian 0 0 1.080 886.555 169.191 908.552 224.111 1.760 0.660 0.932 9.232 0.763 23.129 1.459 0.329
Cyclist 0 0 -0.912 96.569 199.097 173.508 254.797 1.739 0.571 1.833 -14.819 1.689 22.533 -1.494 0.292
Pedestrian 0 0 2.117 187.794 185.858 219.929 241.038 1.760 0.660 0.932 -12.944 1.295 23.020 1.604 0.268
