Car 0 0 -2.659 37.033 182.423 296.624 289.057 1.526 1.634 3.915 -6.337 0.900 10.327 -3.210 0.856
Truck 0 0 -1.601 694.565 101.743 909.916 285.105 3.075 2.618 11.229 3.232 0.345 12.101 -1.341 0.856
Car 0 0 0.509 264.410 186.660 394.392 264.576 1.526 1.634 3.915 -5.488 1.034 14.133 0.138 0.851
Car 0 0 2.266 1045.318 245.494 1241.390 370.153 1.526 1.634 3.915 6.535 1.652 8.834 2.903 0.787
Car 0 0 -1.628 651.089 179.976 703.837 224.205 1.526 1.634 3.915 2.343 1.009 24.898 -1.535 0.600
Car 0 0 2.110 327.731 186.191 433.545 236.772 1.526 1.634 3.915 -6.907 1.166 21.771 1.802 0.573
Car 0 0 0.377 402.795 180.627 482.605 230.587 1.526 1.634 3.915 -5.097 1.001 22.042 0.149 0.496
Car 0 0 1.619 551.455 174.057 579.903 194.402 1.526 1.634 3.915 -3.292 0.853 54.127 1.558 0.460
Car 0 0 0.200 399.438 154.922 540.504 214.369 1.526 1.634 3.915 -3.584 0.303 18.524 0.007 0.424
Car 0 0 1.646 588.544 174.549 609.657 192.901 1.526 1.634 3.915 -0.870 0.904 60.005 1.631 0.294
Car 0 0 -1.433 508.027 177.030 551.872 202.025 1.526 1.634 3.915 -4.861 1.018 44.056 -1.544 0.262
