Pedestrian 0 0 1.007 807.849 136.416 862.981 324.066 1.760 0.660 0.932 2.170 0.467 6.633 1.323 0.821
Pedestrian 0 0 1.004 710.133 146.345 783.145 332.123 1.760 0.660 0.932 1.351 0.557 6.700 1.202 0.775
Pedestrian 0 0 0.512 1106.005 186.471 1150.039 261.834 1.760 0.660 0.932 12.239 1.020 16.517 1.150 0.704
Pedestrian 0 0 1.124 642.566 143.929 685.419 261.298 1.760 0.660 0.932 0.899 0.332 10.605 1.207 0.677
Pedestrian 0 0 1.086 610.561 145.538 653.753 260.731 1.760 0.660 0.932 0.429 0.346 10.806 1.126 0.634
Pedestrian 0 0 1.129 776.558 144.324 809.548 252.531 1.760 0.660 0.932 3.075 0.292 11.503 1.390 0.611
Pedestrian 0 0 1.383 479.466 143.072 514.846 260.869 1.760 0.660 0.932 -1.598 0.321 10.567 1.232 0.559
Pedestrian 0 0 1.145 572.640 143.661 608.015 246.800 1.760 0.660 0.932 -0.235 0.251 12.069 1.125 0.537
Pedestrian 0 0 1.147 531.141 142.252 569.471 248.279 1.760 0.660 0.932 -0.893 0.245 11.740 1.070 0.528
Pedestrian 0 0 -1.792 506.351 147.502 539.656 248.980 1.760 0.660 0.932 -1.407 0.308 12.266 -1.906 0.426
Pedestrian 0 0 1.247 461.140 143.841 481.554 219.837 1.760 0.660 0.932 -3.075 0.031 16.379 1.060 0.413
Truck 0 0 -1.403 0.000 99.695 262.836 362.072 3.124 2.613 11.566 -5.628 0.600 8.418 -1.993 0.403
Cyclist 0 0 -0.250 291.445 208.014 410.434 297.211 1.739 0.571 1.833 -4.937 1.406 13.788 -0.595 0.348
Cyclist 0 0 2.311 362.550 180.927 480.151 273.072 1.739 0.571 1.833 -3.449 0.878 13.347 2.058 0.317
Cyclist 0 0 -1.999 411.465 201.281 481.539 273.660 1.739 0.571 1.833 -3.787 1.369 16.992 -2.219 0.272
Cyclist 0 0 -1.847 254.842 205.523 326.105 302.489 1.739 0.571 1.833 -5.626 1.318 12.684 -2.266 0.266
