Car 0 0 -2.068 25.508 184.522 318.130 357.362 1.526 1.634 3.915 -3.865 0.866 6.371 -2.614 0.913
Car 0 0 -2.058 904.556 174.825 1241.734 374.133 1.526 1.634 3.915 3.550 0.778 5.525 -1.487 0.901
Car 0 0 -1.653 596.402 177.664 661.125 227.778 1.526 1.634 3.915 0.585 0.910 21.974 -1.628 0.879
Car 0 0 -2.330 367.219 174.967 514.455 245.662 1.526 1.634 3.915 -3.642 0.809 15.577 -2.561 0.808
Car 0 0 -2.203 0.014 239.318 64.430 374.499 1.526 1.634 3.915 -6.518 1.513 8.146 -2.878 0.714
Car 0 0 1.358 332.914 171.342 391.629 221.651 1.526 1.634 3.915 -7.502 0.717 21.889 1.028 0.659
Pedestrian 0 0 -1.867 841.777 181.715 904.761 335.067 1.734 0.648 -0.055 2.982 0.967 8.159 -1.517 0.641
Car 0 0 -1.746 736.928 181.368 826.612 243.055 1.526 1.634 3.915 4.261 0.974 17.851 -1.513 0.577
Car 0 0 1.943 245.186 176.922 295.838 200.019 1.526 1.634 3.915 -22.404 1.032 47.678 1.503 0.499
Car 0 0 -0.950 780.650 179.081 962.720 269.521 1.526 1.634 3.915 4.423 0.868 12.176 -0.602 0.490
Car 0 0 1.764 710.823 169.653 756.779 222.870 1.526 1.634 3.915 3.563 0.671 20.693 1.933 0.452
Car 0 0 2.216 781.887 186.765 851.790 274.705 1.526 1.634 3.915 3.597 1.005 12.522 2.495 0.408
Car 0 0 1.623 567.879 170.843 598.413 191.343 1.526 1.634 3.915 -1.966 0.613 53.717 1.586 0.370
Car 0 0 1.481 516.254 180.786 552.384 208.993 1.526 1.634 3.915 -4.071 1.192 39.039 1.377 0.360
Car 0 0 1.580 486.933 173.133 533.660 207.726 1.526 1.634 3.915 -4.379 0.775 31.833 1.443 0.308
Car 0 0 1.677 644.165 165.853 669.837 189.826 1.526 1.634 3.915 3.020 0.317 45.935 1.743 0.279
Car 0 0 -0.983 0.000 187.441 79.337 246.309 1.526 1.634 3.915 -14.775 1.141 18.706 -1.652 0.273
