Car 0 0 -2.016 791.793 193.819 1241.687 371.891 1.526 1.634 3.915 3.490 0.943 6.184 -1.503 0.915
Car 0 0 -1.087 148.195 193.774 476.958 369.294 1.526 1.634 3.915 -2.582 0.945 6.274 -1.478 0.902
Car 0 0 2.126 0.159 242.705 286.256 373.013 1.526 1.634 3.915 -5.462 1.581 8.451 1.552 0.828
Car 0 0 -1.775 661.457 180.812 734.632 234.693 1.526 1.634 3.915 2.506 0.989 20.438 -1.653 0.790
Pedestrian 0 0 -2.099 1047.793 69.897 1167.464 226.141 1.760 0.660 0.932 5.612 -0.280 8.130 -1.495 0.761
Pedestrian 0 0 -1.124 287.806 172.638 324.380 203.531 1.760 0.660 0.932 -17.293 0.868 41.118 -1.522 0.628
Car 0 0 1.804 530.575 178.260 576.570 213.872 1.526 1.634 3.915 -2.399 0.995 30.923 1.725 0.518
Car 0 0 1.979 360.752 187.129 475.139 304.561 1.526 1.634 3.915 -2.490 0.949 9.377 1.718 0.472
Pedestrian 0 0 2.052 336.751 172.736 359.552 202.233 1.760 0.660 0.932 -15.602 0.873 43.065 1.704 0.359
Car 0 0 -1.806 644.401 180.828 672.732 209.215 1.526 1.634 3.915 2.635 1.192 38.793 -1.739 0.327
Truck 0 0 -1.834 1012.802 0.695 1241.385 270.535 3.206 2.604 12.137 6.149 -0.442 8.573 -1.212 0.323
