Car 0 0 2.256 0.154 211.490 234.502 373.904 1.526 1.634 3.915 -4.625 1.126 6.780 1.657 0.911
Car 0 0 -2.095 927.656 203.524 1241.369 371.928 1.526 1.634 3.915 4.304 1.041 6.539 -1.513 0.908
Car 0 0 1.758 439.492 191.929 487.895 225.600 1.526 1.634 3.915 -6.612 1.628 32.705 1.558 0.536
Car 0 0 1.509 612.190 177.564 653.783 201.865 1.526 1.634 3.915 1.471 1.059 45.314 1.540 0.441
Car 0 0 1.781 502.497 184.230 532.053 207.904 1.526 1.634 3.915 -5.949 1.496 46.515 1.653 0.352
Car 0 0 1.381 650.531 179.268 688.956 211.717 1.526 1.634 3.915 2.831 1.065 33.937 1.463 0.343
Car 0 0 1.883 228.259 198.226 283.361 226.853 1.526 1.634 3.915 -18.860 2.116 38.468 1.426 0.313
Car 0 0 1.932 80.670 204.450 147.060 222.445 1.526 1.634 3.915 -42.042 3.443 61.196 1.329 0.307
Car 0 0 1.804 477.109 188.713 510.223 218.818 1.526 1.634 3.915 -5.875 1.567 36.579 1.644 0.278
Car 0 0 -1.829 489.140 187.109 514.784 212.050 1.393 1.727 5.550 -6.009 1.492 40.294 -1.978 0.250
