Pedestrian 0 0 0.041 1093.500 227.608 1168.230 374.256 1.760 0.660 0.932 6.258 1.538 8.662 0.666 0.630
Pedestrian 0 0 -2.256 316.225 165.413 346.964 253.341 1.760 0.660 0.932 -5.565 0.731 14.447 -2.625 0.548
Pedestrian 0 0 -1.261 622.181 168.682 649.406 220.915 1.760 0.660 0.932 0.884 0.740 24.319 -1.226 0.527
Pedestrian 0 0 -2.118 1030.308 200.504 1107.719 374.766 1.760 0.660 0.932 4.642 1.160 7.289 -1.551 0.524
Pedestrian 0 0 1.433 347.987 165.577 374.750 244.268 1.760 0.660 0.932 -5.553 0.717 16.142 1.101 0.482
Pedestrian 0 0 2.030 31.243 171.075 70.348 264.937 1.760 0.660 0.932 -10.480 0.847 13.533 1.370 0.477
Truck 0 0 -1.256 475.256 148.294 563.456 218.016 3.075 2.618 11.229 -3.979 0.454 31.826 -1.380 0.416
Pedestrian 0 0 1.123 876.789 169.685 896.344 223.021 1.760 0.660 0.932 9.143 0.776 23.816 1.489 0.374
Cyclist 0 0 -1.272 143.067 181.717 208.014 245.445 1.739 0.571 1.833 -11.846 1.112 19.694 -1.814 0.330
Pedestrian 0 0 -1.787 969.968 201.068 1002.544 270.315 1.760 0.660 0.932 9.577 1.598 18.344 -1.306 0.295
Car 0 0 -1.149 411.896 175.482 470.893 203.986 1.526 1.634 3.915 -9.004 0.904 38.634 -1.378 0.264
Car 0 0 1.505 234.750 179.023 280.488 212.616 1.526 1.634 3.915 -15.989 1.043 32.781 1.051 0.253
