Car 0 0 2.032 47.384 190.801 384.791 374.462 1.526 1.634 3.915 -3.270 0.912 5.996 1.533 0.918
Car 0 0 -2.021 826.496 186.628 1152.998 344.271 1.526 1.634 3.915 3.681 0.896 6.985 -1.537 0.892
Car 0 0 1.843 370.603 174.399 487.872 266.191 1.526 1.634 3.915 -2.998 0.789 11.997 1.598 0.798
Car 0 0 1.872 492.713 176.708 578.561 231.951 1.526 1.634 3.915 -2.042 0.870 19.934 1.769 0.785
Car 0 0 -1.791 750.418 177.924 859.135 263.545 1.526 1.634 3.915 3.480 0.853 12.861 -1.528 0.667
Car 0 0 -1.005 0.127 293.949 49.467 374.509 1.526 1.634 3.915 -11.078 3.057 13.669 -1.687 0.527
Car 0 0 1.850 641.928 172.945 702.011 208.423 1.526 1.634 3.915 2.685 0.767 31.039 1.935 0.487
Car 0 0 1.596 675.411 170.872 709.921 204.210 1.526 1.634 3.915 3.805 0.672 33.031 1.710 0.443
Car 0 0 -1.670 744.733 176.163 794.962 234.955 1.526 1.634 3.915 4.161 0.849 18.731 -1.453 0.333
Car 0 0 1.794 708.706 169.590 737.590 194.760 1.526 1.634 3.915 6.887 0.565 43.750 1.950 0.324
Car 0 0 2.579 887.696 153.013 961.560 186.885 1.526 1.634 3.915 14.196 -0.131 32.511 2.990 0.286
