Car 0 0 0.621 0.552 194.771 229.031 372.897 1.526 1.634 3.915 -4.239 0.951 6.182 0.019 0.870
Car 0 0 -1.891 765.838 186.090 962.295 315.409 1.526 1.634 3.915 3.004 0.919 8.515 -1.552 0.861
Car 0 0 -2.717 131.991 184.982 385.539 268.057 1.526 1.634 3.915 -6.445 0.986 13.256 -3.171 0.856
Car 0 0 1.697 419.332 180.246 490.887 231.037 1.526 1.634 3.915 -4.641 0.985 21.681 1.486 0.749
Car 0 0 1.882 337.997 182.445 451.858 240.951 1.526 1.634 3.915 -5.599 1.013 18.822 1.592 0.732
Car 0 0 -1.893 724.598 179.038 802.250 259.924 1.526 1.634 3.915 2.903 0.880 13.614 -1.684 0.685
Car 0 0 -1.618 680.134 180.232 733.149 221.259 1.526 1.634 3.915 3.611 1.038 26.841 -1.486 0.612
Car 0 0 -3.236 473.636 178.175 523.012 217.787 1.526 1.634 3.915 -4.286 0.968 27.799 -3.389 0.553
Car 0 0 -1.623 548.662 169.553 582.818 196.491 1.526 1.634 3.915 -2.483 0.576 40.881 -1.684 0.509
Car 0 0 -1.153 514.276 179.012 559.334 209.442 1.526 1.634 3.915 -3.649 1.072 36.189 -1.255 0.339
