Car 0 0 1.941 148.897 190.011 291.020 270.602 1.526 1.634 3.915 -7.378 1.088 13.664 1.445 0.859
Car 0 0 1.630 492.740 182.607 533.543 209.771 1.526 1.634 3.915 -5.417 1.311 40.539 1.497 0.652
Car 0 0 1.947 385.865 181.675 440.172 218.877 1.526 1.634 3.915 -8.063 1.125 29.600 1.681 0.552
Car 0 0 2.238 956.071 143.272 1022.234 173.906 1.526 1.634 3.915 18.912 -0.711 35.947 2.722 0.530
Car 0 0 1.881 278.364 188.393 348.811 243.104 1.526 1.634 3.915 -8.256 1.197 20.128 1.492 0.511
Car 0 0 1.720 343.582 188.909 388.877 229.072 1.526 1.634 3.915 -9.247 1.373 27.419 1.395 0.464
Car 0 0 1.541 370.749 183.220 408.376 224.090 1.526 1.634 3.915 -8.215 1.150 26.944 1.244 0.373
Car 0 0 -1.832 659.089 170.303 698.773 192.784 1.526 1.634 3.915 4.710 0.590 48.984 -1.737 0.351
Car 0 0 -1.482 635.266 168.956 661.323 193.742 1.526 1.634 3.915 2.385 0.523 44.428 -1.429 0.318
Car 0 0 -3.278 1043.481 139.377 1161.553 179.818 1.526 1.634 3.915 18.604 -0.500 27.230 -2.679 0.287
Car 0 0 1.482 440.554 190.063 494.607 210.410 1.461 1.712 6.175 -10.193 1.966 51.801 1.287 0.271
Car 0 0 -0.189 1001.230 148.498 1133.068 178.685 1.526 1.634 3.915 23.134 -0.468 36.479 0.376 0.256
