Car 0 0 -2.614 0.144 179.765 298.941 302.883 1.526 1.634 3.915 -5.702 0.849 8.944 -3.182 0.902
Car 0 0 -2.231 840.588 206.930 1241.684 372.142 1.526 1.634 3.915 3.987 1.078 6.665 -1.692 0.889
Car 0 0 -1.121 0.166 249.701 95.779 372.188 1.526 1.634 3.915 -6.997 1.721 8.990 -1.783 0.826
Car 0 0 0.123 824.230 179.240 960.073 249.421 1.526 1.634 3.915 6.145 0.902 15.691 0.496 0.683
Car 0 0 -3.189 734.393 170.280 868.417 228.081 1.526 1.634 3.915 5.066 0.695 19.052 -2.929 0.659
Car 0 0 2.604 834.352 189.165 1113.156 269.949 1.526 1.634 3.915 6.880 1.071 13.631 3.070 0.639
Car 0 0 1.470 429.693 180.313 495.078 215.606 1.502 1.648 4.099 -6.265 1.069 30.715 1.268 0.610
Car 0 0 0.350 267.133 168.263 436.235 235.808 1.526 1.634 3.915 -5.827 0.659 16.303 0.006 0.579
Car 0 0 -1.869 378.131 180.490 437.578 222.366 1.526 1.634 3.915 -7.351 1.041 26.297 -2.142 0.550
Car 0 0 1.763 485.219 171.440 523.126 209.227 1.526 1.634 3.915 -4.257 0.706 29.142 1.618 0.502
Truck 0 0 -1.699 626.719 153.994 698.194 212.956 3.075 2.618 11.229 2.759 0.554 37.633 -1.627 0.451
Car 0 0 1.748 512.954 166.134 552.946 195.284 1.526 1.634 3.915 -4.011 0.411 37.778 1.641 0.447
Car 0 0 -1.692 634.962 153.879 698.912 212.830 1.526 1.634 3.915 1.485 0.272 18.680 -1.614 0.416
