Car 0 0 -0.741 1000.479 183.735 1241.805 340.940 1.526 1.634 3.915 4.967 0.869 7.005 -0.124 0.891
Car 0 0 -0.484 753.004 181.202 927.351 247.222 1.526 1.634 3.915 5.331 0.956 16.680 -0.175 0.866
Car 0 0 -1.893 1152.757 214.338 1241.578 371.539 1.526 1.634 3.915 5.705 1.166 7.005 -1.210 0.848
Car 0 0 -0.890 0.168 196.034 255.920 367.708 1.526 1.634 3.915 -4.281 0.969 6.415 -1.478 0.837
Car 0 0 0.480 120.356 198.139 322.090 289.581 1.526 1.634 3.915 -6.481 1.185 12.043 -0.014 0.769
Car 0 0 0.116 410.698 176.214 485.430 222.733 1.526 1.634 3.915 -5.298 0.873 23.672 -0.104 0.706
Car 0 0 -2.454 148.653 176.734 372.694 260.537 1.526 1.634 3.915 -6.354 0.834 13.140 -2.905 0.683
Car 0 0 1.133 341.539 183.595 425.250 236.378 1.526 1.634 3.915 -6.539 1.074 20.863 0.829 0.603
Car 0 0 -1.679 634.689 178.760 683.995 215.121 1.526 1.634 3.915 2.090 1.011 30.285 -1.611 0.570
Car 0 0 1.487 497.036 178.575 530.813 206.664 1.526 1.634 3.915 -5.196 1.074 39.204 1.354 0.345
Car 0 0 1.812 529.355 174.115 566.259 199.992 1.526 1.634 3.915 -3.642 0.837 42.556 1.726 0.325
