Car 0 0 -2.267 862.599 224.756 1241.806 371.325 1.526 1.634 3.915 4.609 1.304 7.513 -1.717 0.941
Car 0 0 -1.745 408.250 195.755 515.251 280.645 1.526 1.634 3.915 -2.657 1.175 12.972 -1.948 0.912
Car 0 0 -2.028 182.669 185.184 351.315 268.744 1.526 1.634 3.915 -6.257 0.988 13.179 -2.472 0.891
Car 0 0 2.160 0.135 177.237 121.301 240.208 1.526 1.634 3.915 -13.302 0.869 17.487 1.509 0.851
Pedestrian 0 0 2.286 948.050 169.767 1004.285 250.461 1.760 0.660 0.932 7.998 0.813 15.742 2.756 0.773
Car 0 0 -1.987 0.228 249.172 45.159 374.335 1.526 1.634 3.915 -7.156 1.694 8.798 -2.670 0.763
Car 0 0 -1.664 573.096 179.228 625.593 218.631 1.526 1.634 3.915 -0.396 1.010 27.947 -1.678 0.726
Car 0 0 -1.745 642.782 178.332 690.654 218.253 1.526 1.634 3.915 2.185 0.973 27.584 -1.667 0.602
Car 0 0 -1.663 486.180 183.484 557.304 246.639 1.526 1.634 3.915 -2.122 1.020 17.436 -1.785 0.554
Pedestrian 0 0 1.273 843.939 107.602 882.213 212.074 1.760 0.660 0.932 4.272 -0.219 12.159 1.610 0.449
Car 0 0 0.077 264.605 173.746 319.261 202.123 1.526 1.634 3.915 -17.083 0.811 38.806 -0.339 0.331
