Car 0 0 1.945 457.981 173.328 615.494 275.067 1.526 1.634 3.915 -1.092 0.770 10.824 1.844 0.850
Car 0 0 -2.179 915.646 234.548 1241.012 372.292 1.526 1.634 3.915 5.194 1.447 7.995 -1.603 0.762
Car 0 0 -1.973 816.907 188.023 1040.777 363.078 1.526 1.634 3.915 2.784 0.895 6.291 -1.557 0.745
Car 0 0 -1.562 760.096 166.833 803.143 206.786 1.526 1.634 3.915 6.573 0.533 27.563 -1.329 0.669
Car 0 0 1.703 638.397 159.140 693.224 196.024 1.526 1.634 3.915 2.328 0.196 29.855 1.780 0.605
Car 0 0 1.760 603.785 171.275 641.539 216.060 1.526 1.634 3.915 0.447 0.709 24.589 1.777 0.537
Car 0 0 1.607 185.560 185.018 217.715 205.136 1.526 1.634 3.915 -30.946 1.686 54.738 1.092 0.449
Car 0 0 -0.929 800.517 156.617 879.681 206.648 1.526 1.634 3.915 7.033 0.268 22.010 -0.620 0.449
Car 0 0 -1.025 798.051 177.138 904.306 256.174 1.526 1.634 3.915 4.666 0.846 13.933 -0.702 0.426
Car 0 0 -0.325 1064.295 138.202 1231.457 214.699 1.526 1.634 3.915 10.740 0.072 14.395 0.315 0.305
Car 0 0 -2.334 946.921 142.445 1081.080 218.759 1.526 1.634 3.915 8.088 0.155 14.430 -1.823 0.302
