Car 0 0 -2.070 714.133 184.011 927.366 320.020 1.526 1.634 3.915 2.431 0.802 7.934 -1.774 0.885
Pedestrian 0 0 2.194 233.509 183.279 328.038 350.280 1.760 0.660 0.932 -3.408 0.909 7.454 1.764 0.770
Car 0 0 -1.834 588.850 186.147 658.699 232.694 1.526 1.634 3.915 0.646 0.948 23.183 -1.808 0.597
Cyclist 0 0 2.183 233.228 246.726 340.864 373.639 1.739 0.571 1.833 -4.345 1.777 9.691 1.762 0.522
Car 0 0 -0.730 649.708 179.088 719.667 209.736 1.526 1.634 3.915 4.014 0.692 35.210 -0.618 0.383
Car 0 0 1.999 649.482 179.924 677.504 205.594 1.526 1.634 3.915 3.532 0.728 42.036 2.082 0.331
Car 0 0 1.964 534.122 185.909 567.938 207.310 1.526 1.634 3.915 -3.783 1.148 50.422 1.889 0.319
Car 0 0 2.362 534.563 181.850 605.201 211.356 1.526 1.634 3.915 -1.769 0.833 36.572 2.312 0.303
Car 0 0 2.104 710.888 176.343 770.189 203.111 1.526 1.634 3.915 7.780 0.526 40.312 2.294 0.291
Car 0 0 1.437 711.311 178.072 735.083 201.034 1.526 1.634 3.915 7.917 0.601 46.994 1.604 0.258
