Car 0 0 -0.405 793.688 183.117 1026.125 266.757 1.526 1.634 3.915 5.480 0.950 13.166 -0.011 0.865
Car 0 0 -2.616 0.317 176.434 251.451 313.937 1.526 1.634 3.915 -5.368 0.803 8.009 -3.207 0.803
Car 0 0 1.976 0.081 258.363 161.649 370.424 1.526 1.634 3.915 -7.200 1.928 9.827 1.343 0.771
Car 0 0 2.022 232.460 189.134 382.874 263.093 1.526 1.634 3.915 -6.230 1.099 14.889 1.625 0.758
Car 0 0 0.331 324.380 178.935 469.927 233.401 1.526 1.634 3.915 -5.952 0.933 20.218 0.045 0.685
Car 0 0 -1.747 634.557 180.220 692.225 220.556 1.526 1.634 3.915 2.037 1.042 27.300 -1.673 0.662
Car 0 0 1.406 486.050 179.537 523.837 208.711 1.526 1.634 3.915 -5.473 1.113 37.747 1.261 0.470
Car 0 0 1.765 439.649 178.059 498.034 222.784 1.526 1.634 3.915 -4.802 0.941 24.621 1.572 0.450
Car 0 0 1.602 538.556 172.264 575.965 202.491 1.526 1.634 3.915 -2.641 0.733 36.431 1.529 0.352
Car 0 0 1.715 523.288 174.252 553.864 202.427 1.526 1.634 3.915 -3.845 0.839 39.084 1.616 0.330
