Car 0 0 -2.182 109.317 190.046 368.851 323.234 1.526 1.634 3.915 -4.245 0.960 8.268 -2.657 0.890
Car 0 0 -1.877 308.875 181.407 418.189 271.473 1.526 1.634 3.915 -4.169 0.908 12.227 -2.206 0.828
Car 0 0 -1.600 574.819 178.517 631.555 226.790 1.526 1.634 3.915 -0.201 0.942 22.812 -1.609 0.763
Car 0 0 2.031 752.627 191.741 828.392 277.003 1.526 1.634 3.915 3.239 1.101 12.915 2.276 0.734
Car 0 0 -1.953 396.706 180.378 483.865 234.913 1.526 1.634 3.915 -4.737 0.974 20.193 -2.184 0.731
Car 0 0 -1.734 671.577 180.318 718.172 217.906 1.526 1.634 3.915 3.464 1.066 29.297 -1.617 0.643
Car 0 0 -1.942 21.911 155.727 125.213 285.461 1.526 1.634 3.915 -6.305 0.562 8.488 -2.582 0.636
Car 0 0 1.861 515.557 171.792 550.500 204.527 1.526 1.634 3.915 -3.568 0.714 33.640 1.755 0.489
Car 0 0 -1.907 527.646 174.275 570.273 203.158 1.526 1.634 3.915 -3.202 0.838 38.126 -1.992 0.366
Car 0 0 -1.780 479.852 171.983 522.627 216.597 1.526 1.634 3.915 -3.706 0.733 24.683 -1.929 0.361
Car 0 0 1.190 113.861 182.365 158.722 238.671 1.526 1.634 3.915 -12.828 1.021 19.558 0.609 0.344
Truck 0 0 -2.135 827.331 21.759 1240.398 368.329 3.075 2.618 11.229 3.765 0.197 6.403 -1.605 0.258
