Car 0 0 2.215 0.235 196.402 145.606 263.372 1.526 1.634 3.915 -12.229 1.300 16.443 1.575 0.863
Car 0 0 -1.100 482.772 182.400 622.829 260.022 1.526 1.634 3.915 -1.116 0.951 14.187 -1.179 0.857
Car 0 0 2.047 341.862 184.199 428.653 222.948 1.526 1.634 3.915 -8.834 1.210 28.419 1.746 0.848
Car 0 0 1.687 660.090 171.131 694.236 198.872 1.526 1.634 3.915 3.719 0.668 39.696 1.781 0.724
Truck 0 0 1.782 584.243 145.617 662.596 211.821 3.075 2.618 11.229 0.644 0.272 33.517 1.801 0.587
Car 0 0 -1.548 723.185 163.396 756.367 194.961 1.509 1.626 3.275 6.226 0.302 34.496 -1.370 0.581
Car 0 0 1.728 467.996 176.614 509.843 208.277 1.526 1.634 3.915 -5.815 0.944 34.779 1.561 0.528
Car 0 0 1.957 1102.943 157.159 1142.377 178.560 1.526 1.634 3.915 36.590 -0.356 51.454 2.574 0.435
Car 0 0 2.162 1037.368 157.845 1086.354 178.480 1.526 1.634 3.915 33.453 -0.347 53.367 2.721 0.401
Car 0 0 -1.764 891.582 156.099 916.684 172.529 1.526 1.634 3.915 27.364 -0.793 67.026 -1.377 0.356
Car 0 0 1.460 1203.784 153.697 1241.021 173.663 1.526 1.634 3.915 46.846 -0.701 55.154 2.164 0.332
Car 0 0 1.584 1136.969 155.542 1174.953 176.352 1.526 1.634 3.915 40.074 -0.507 52.918 2.232 0.283
Car 0 0 1.642 1169.997 154.804 1205.518 175.332 1.526 1.634 3.915 42.988 -0.579 53.645 2.317 0.277
