Car 0 0 2.370 32.270 194.062 205.647 261.856 1.526 1.634 3.915 -11.044 1.241 16.243 1.772 0.841
Car 0 0 -1.058 430.565 183.889 555.434 243.288 1.526 1.634 3.915 -2.995 1.047 18.539 -1.220 0.778
Car 0 0 -1.556 665.544 170.622 699.546 196.983 1.526 1.634 3.915 4.226 0.634 41.773 -1.456 0.555
Car 0 0 2.119 322.824 161.082 436.243 224.433 1.526 1.634 3.915 -5.542 0.479 17.383 1.809 0.536
Car 0 0 2.099 1102.572 155.921 1145.692 177.824 1.526 1.634 3.915 35.855 -0.417 50.277 2.718 0.503
Car 0 0 1.481 1203.858 153.006 1241.166 173.321 1.526 1.634 3.915 46.048 -0.728 54.206 2.185 0.475
Car 0 0 1.403 725.363 154.903 759.501 191.926 1.526 1.634 3.915 5.477 0.023 29.743 1.584 0.448
Truck 0 0 2.097 324.358 162.314 436.996 223.656 3.075 2.618 11.229 -11.475 1.009 36.174 1.789 0.411
Car 0 0 2.126 1036.737 158.136 1086.185 177.972 1.526 1.634 3.915 34.769 -0.369 55.515 2.685 0.403
Car 0 0 1.604 1171.420 152.993 1204.388 174.590 1.526 1.634 3.915 40.869 -0.640 50.988 2.279 0.402
Car 0 0 -1.733 682.527 170.643 715.855 195.081 1.526 1.634 3.915 5.598 0.625 45.061 -1.610 0.398
Truck 0 0 1.420 489.103 142.304 565.962 204.564 3.043 2.604 10.017 -4.009 0.028 35.265 1.306 0.339
Car 0 0 1.986 891.331 155.699 916.113 172.421 1.526 1.634 3.915 26.848 -0.803 65.853 2.372 0.280
Car 0 0 1.591 1136.272 155.587 1172.465 176.361 1.526 1.634 3.915 40.026 -0.505 53.009 2.237 0.279
