Car 0 0 1.849 361.921 172.333 430.268 241.743 1.526 1.634 3.915 -4.694 0.752 15.865 1.561 0.753
Car 0 0 -2.489 216.425 164.210 374.256 274.731 1.526 1.634 3.915 -4.339 0.644 9.964 -2.900 0.728
Car 0 0 -1.430 406.429 170.225 468.074 221.245 1.526 1.634 3.915 -5.154 0.684 21.584 -1.665 0.597
Car 0 0 -1.888 833.178 147.565 912.885 198.957 1.490 1.656 4.195 7.639 0.012 20.919 -1.538 0.540
Car 0 0 -0.978 457.065 166.239 524.800 204.845 1.526 1.634 3.915 -4.690 0.502 28.524 -1.142 0.478
Truck 0 0 -1.888 833.003 147.969 912.761 198.433 3.039 2.640 11.509 15.858 0.021 43.453 -1.539 0.474
Car 0 0 1.875 423.388 166.942 497.779 207.833 1.526 1.634 3.915 -5.560 0.542 26.930 1.671 0.347
Car 0 0 -1.718 911.329 157.770 964.551 195.971 1.526 1.634 3.915 13.119 0.160 28.826 -1.292 0.335
Car 0 0 2.088 121.985 183.058 241.613 262.650 1.526 1.634 3.915 -8.202 0.959 13.835 1.552 0.331
Car 0 0 2.185 530.134 163.107 572.937 187.300 1.526 1.634 3.915 -3.660 0.148 45.517 2.104 0.312
