Car 0 0 -2.214 532.781 210.006 873.245 375.000 1.526 1.634 3.915 0.915 1.036 6.540 -2.075 0.919
Car 0 0 1.616 31.398 211.937 104.780 272.461 1.526 1.634 3.915 -13.516 1.556 17.829 0.967 0.834
Car 0 0 -2.002 417.372 215.508 595.766 331.546 1.526 1.634 3.915 -1.283 1.223 9.299 -2.140 0.813
Car 0 0 2.035 0.124 237.015 53.924 324.892 1.526 1.634 3.915 -10.022 1.744 12.280 1.350 0.753
Car 0 0 -1.359 297.000 208.224 379.809 272.901 1.526 1.634 3.915 -6.269 1.417 16.684 -1.719 0.737
Car 0 0 -1.880 351.496 213.836 456.039 290.289 1.526 1.634 3.915 -3.999 1.428 14.114 -2.157 0.693
Car 0 0 1.641 242.349 212.248 278.879 252.974 1.526 1.634 3.915 -12.871 1.953 26.496 1.188 0.560
Car 0 0 1.648 215.424 210.616 240.568 238.833 1.526 1.634 3.915 -20.342 2.392 38.243 1.158 0.408
Car 0 0 1.572 96.198 214.823 130.614 243.267 1.526 1.634 3.915 -26.328 2.604 37.937 0.965 0.371
Car 0 0 -1.980 271.706 210.511 323.923 266.142 1.526 1.634 3.915 -8.402 1.586 19.397 -2.390 0.296
