Car 0 0 -0.611 1041.434 192.284 1241.426 373.072 1.526 1.634 3.915 4.490 0.927 6.091 0.024 0.924
Car 0 0 1.980 0.441 183.981 244.699 306.316 1.526 1.634 3.915 -6.075 0.902 9.002 1.385 0.907
Car 0 0 -0.587 905.754 191.620 1109.435 310.647 1.526 1.634 3.915 5.104 1.004 9.252 -0.083 0.855
Car 0 0 -0.945 0.190 207.551 142.479 362.222 1.476 1.611 2.035 -5.136 1.069 6.885 -1.586 0.852
Car 0 0 -2.137 748.172 174.563 858.040 244.226 1.526 1.634 3.915 4.240 0.801 15.808 -1.875 0.776
Car 0 0 0.470 166.524 159.056 390.301 270.387 1.526 1.634 3.915 -4.540 0.574 9.891 0.040 0.715
Car 0 0 -0.915 793.973 187.169 901.723 260.636 1.526 1.634 3.915 4.950 1.060 14.989 -0.597 0.697
Car 0 0 -1.788 631.421 180.319 677.732 214.773 1.526 1.634 3.915 1.994 1.094 31.961 -1.727 0.625
Car 0 0 -2.044 869.086 184.572 971.111 266.258 1.526 1.634 3.915 5.802 0.982 13.481 -1.637 0.579
Car 0 0 2.077 366.895 176.257 492.461 239.972 1.526 1.634 3.915 -4.309 0.845 17.283 1.832 0.472
Car 0 0 -0.894 406.910 178.068 492.899 207.962 1.526 1.634 3.915 -8.151 1.029 36.837 -1.113 0.408
Car 0 0 1.794 574.192 170.109 600.652 186.428 1.526 1.634 3.915 -2.070 0.506 67.478 1.763 0.311
Car 0 0 1.583 601.399 166.907 626.394 189.581 1.526 1.634 3.915 0.292 0.363 48.567 1.587 0.261
