Car 0 0 -2.285 0.546 219.915 306.455 370.423 1.526 1.634 3.915 -4.625 1.240 7.317 -2.850 0.891
Car 0 0 -1.992 823.404 197.318 1113.493 361.138 1.526 1.634 3.915 3.343 0.991 6.722 -1.531 0.883
Car 0 0 1.905 294.041 198.654 458.112 312.617 1.526 1.634 3.915 -3.127 1.109 9.663 1.592 0.875
Car 0 0 -2.099 1005.711 249.109 1241.571 374.117 1.526 1.634 3.915 6.276 1.694 8.809 -1.481 0.847
Car 0 0 1.724 465.749 171.207 544.175 229.389 1.526 1.634 3.915 -2.744 0.720 18.927 1.579 0.822
Car 0 0 -1.756 745.800 175.687 857.802 280.454 1.526 1.634 3.915 2.800 0.804 10.511 -1.497 0.733
Car 0 0 -1.647 669.088 180.789 707.586 223.582 1.526 1.634 3.915 2.810 1.046 25.733 -1.538 0.675
Car 0 0 1.669 536.401 174.026 576.977 201.459 1.526 1.634 3.915 -2.941 0.828 40.142 1.595 0.593
Car 0 0 1.701 695.128 179.656 741.602 245.794 1.526 1.634 3.915 2.511 0.920 16.650 1.850 0.506
Car 0 0 -2.152 722.292 180.074 770.558 261.187 1.526 1.634 3.915 2.575 0.899 13.576 -1.965 0.434
Car 0 0 -1.675 646.540 175.814 668.107 203.774 1.526 1.634 3.915 2.607 0.925 39.384 -1.609 0.267
