Pedestrian 0 0 -2.030 294.089 169.947 389.119 338.443 1.760 0.660 0.932 -2.800 0.850 7.539 -2.386 0.755
Cyclist 0 0 2.293 705.544 194.922 772.779 259.925 1.739 0.571 1.833 3.468 1.460 19.308 2.471 0.734
Pedestrian 0 0 -1.939 831.032 157.075 871.178 258.448 1.697 0.631 -1.429 4.045 0.585 12.082 -1.616 0.676
Cyclist 0 0 2.205 300.938 241.532 387.301 365.213 1.739 0.571 1.833 -3.733 1.836 10.148 1.853 0.593
Pedestrian 0 0 1.924 534.480 162.493 555.903 231.001 1.760 0.660 0.932 -1.654 0.614 18.542 1.835 0.460
Pedestrian 0 0 -1.711 576.043 166.623 605.985 243.336 1.760 0.660 0.932 -0.426 0.737 16.559 -1.736 0.413
Cyclist 0 0 2.082 2.710 246.646 223.847 374.000 1.739 0.571 1.833 -6.778 1.878 9.855 1.480 0.355
Cyclist 0 0 -1.049 945.638 283.262 1094.386 371.545 1.739 0.571 1.833 8.087 3.045 14.216 -0.532 0.283
Cyclist 0 0 1.949 309.163 247.996 351.080 362.283 1.739 0.571 1.833 -4.253 2.013 10.982 1.580 0.277
Cyclist 0 0 1.954 647.834 181.930 683.318 220.104 1.739 0.571 1.833 2.552 1.283 32.878 2.030 0.257
Cyclist 0 0 0.493 201.240 205.512 271.337 309.136 1.739 0.571 1.833 -6.266 1.418 12.112 0.015 0.252
