Car 0 0 1.921 257.352 190.008 473.967 340.800 1.526 1.634 3.915 -2.469 0.937 7.303 1.594 0.915
Car 0 0 -0.485 780.818 161.893 1242.000 343.195 1.526 1.634 3.915 3.383 0.671 6.074 0.023 0.900
Car 0 0 2.047 0.383 221.865 237.502 370.792 1.526 1.634 3.915 -5.028 1.265 7.394 1.449 0.810
Car 0 0 -2.128 710.486 171.517 861.065 251.464 1.526 1.634 3.915 3.364 0.738 13.774 -1.890 0.759
Car 0 0 -1.061 194.041 201.699 322.190 295.222 1.526 1.634 3.915 -5.735 1.234 11.775 -1.514 0.740
Car 0 0 -1.864 655.269 165.789 753.898 219.914 1.526 1.634 3.915 2.679 0.564 20.346 -1.734 0.736
Truck 0 0 1.568 430.927 144.891 532.586 247.974 3.075 2.618 11.229 -3.813 0.703 21.526 1.392 0.663
Car 0 0 -1.718 621.610 170.766 658.911 203.525 1.526 1.634 3.915 1.430 0.666 33.615 -1.675 0.577
Car 0 0 1.691 533.499 163.318 565.578 216.266 1.526 1.634 3.915 -1.730 0.488 20.798 1.608 0.385
Car 0 0 2.172 1170.533 145.858 1241.547 223.859 1.526 1.634 3.915 11.671 0.235 14.118 2.863 0.276
