Car 0 0 2.063 0.185 205.495 54.837 372.979 1.473 1.610 1.906 -5.117 1.023 6.344 1.384 0.840
Car 0 0 1.953 279.875 173.264 417.080 256.061 1.526 1.634 3.915 -4.812 0.771 13.300 1.605 0.764
Car 0 0 0.623 391.455 177.587 479.444 233.326 1.526 1.634 3.915 -4.767 0.893 19.756 0.386 0.732
Car 0 0 2.110 13.740 191.922 352.325 310.505 1.526 1.634 3.915 -5.489 1.009 9.286 1.576 0.611
Truck 0 0 -2.061 977.292 154.795 1078.432 234.440 3.075 2.618 11.229 16.152 0.840 27.861 -1.537 0.555
Car 0 0 -1.664 1144.430 167.895 1223.548 232.917 1.526 1.634 3.915 13.483 0.647 16.936 -0.992 0.552
Car 0 0 1.978 186.331 187.359 351.296 281.099 1.526 1.634 3.915 -5.548 0.999 11.747 1.535 0.472
Car 0 0 -0.961 430.389 179.112 492.414 224.205 1.526 1.634 3.915 -5.014 0.975 24.421 -1.164 0.369
Car 0 0 -1.779 661.277 176.209 687.382 203.874 1.526 1.634 3.915 3.573 0.948 39.804 -1.690 0.316
Car 0 0 -1.351 381.962 176.865 432.416 234.400 1.526 1.634 3.915 -5.368 0.869 19.140 -1.624 0.310
Car 0 0 -2.128 979.136 156.444 1077.934 234.462 1.526 1.634 3.915 8.196 0.442 14.115 -1.603 0.271
Car 0 0 0.297 501.144 173.269 564.118 203.142 1.526 1.634 3.915 -3.930 0.784 36.863 0.190 0.266
