Pedestrian 0 0 -1.643 601.764 165.788 628.227 242.413 1.760 0.660 0.932 0.251 0.542 16.245 -1.629 0.764
Pedestrian 0 0 1.988 115.361 155.817 161.713 264.866 1.760 0.660 0.932 -7.516 0.482 11.415 1.405 0.580
Pedestrian 0 0 -1.774 804.762 147.927 847.777 250.311 1.760 0.660 0.932 3.821 0.320 12.158 -1.470 0.547
Pedestrian 0 0 -1.816 473.163 166.960 493.694 215.248 1.760 0.660 0.932 -4.399 0.386 25.778 -1.986 0.470
Pedestrian 0 0 1.375 512.350 170.115 532.460 214.243 1.760 0.660 0.932 -3.259 0.466 28.208 1.259 0.470
Cyclist 0 0 -2.022 1167.864 211.263 1223.452 294.364 1.739 0.571 1.833 12.383 1.514 14.800 -1.326 0.337
Pedestrian 0 0 1.094 781.665 155.852 800.057 209.104 1.760 0.660 0.932 6.175 0.065 23.375 1.351 0.330
Cyclist 0 0 2.119 1003.876 185.483 1043.621 253.377 1.739 0.571 1.833 10.752 0.997 18.115 2.653 0.289
Cyclist 0 0 2.136 1019.194 184.362 1081.380 251.644 1.739 0.571 1.833 11.536 0.969 18.279 2.699 0.289
Cyclist 0 0 1.316 930.131 185.196 972.950 237.869 1.739 0.571 1.833 11.474 1.025 23.349 1.772 0.281
Cyclist 0 0 -2.096 1167.541 217.957 1223.167 293.960 1.739 0.571 1.833 13.532 1.727 16.182 -1.400 0.273
Cyclist 0 0 2.277 1110.702 187.258 1175.630 249.378 1.739 0.571 1.833 15.095 1.059 19.798 2.928 0.265
Cyclist 0 0 1.749 99.441 204.070 165.110 267.077 1.739 0.571 1.833 -13.025 1.520 19.520 1.160 0.258
