Car 0 0 -1.110 257.439 188.022 422.472 280.103 1.526 1.634 3.915 -4.469 1.015 11.959 -1.469 0.849
Car 0 0 -0.736 0.000 181.542 195.611 290.036 1.526 1.634 3.915 -7.199 0.885 10.150 -1.354 0.843
Car 0 0 -1.029 140.739 175.730 251.799 237.048 1.526 1.634 3.915 -10.287 0.835 17.959 -1.550 0.788
Car 0 0 -1.551 419.353 183.206 486.009 234.279 1.526 1.634 3.915 -4.688 1.072 21.561 -1.766 0.665
Car 0 0 -1.611 573.190 175.822 611.457 210.265 1.526 1.634 3.915 -0.764 0.895 31.972 -1.636 0.565
Car 0 0 -1.218 359.016 179.999 421.596 230.641 1.526 1.634 3.915 -6.608 0.978 21.745 -1.513 0.535
Car 0 0 -1.836 241.813 186.511 306.945 239.575 1.526 1.634 3.915 -9.640 1.156 20.752 -2.271 0.406
Pedestrian 0 0 0.240 0.002 265.224 135.232 376.000 1.760 0.660 0.932 -8.613 2.348 11.467 -0.405 0.401
Car 0 0 -1.481 461.340 179.916 500.446 231.237 1.526 1.634 3.915 -3.826 0.973 21.457 -1.659 0.363
Cyclist 0 0 -0.862 0.400 285.343 135.232 375.941 1.739 0.571 1.833 -10.401 3.029 13.853 -1.507 0.309
