Pedestrian 0 0 1.912 106.058 195.062 226.433 374.390 1.760 0.660 0.932 -4.352 1.098 7.083 1.361 0.816
Car 0 0 -1.675 1088.054 151.981 1241.407 371.491 1.526 1.634 3.915 3.860 0.618 5.017 -1.020 0.783
Car 0 0 -2.572 165.607 188.299 358.182 265.258 1.526 1.634 3.915 -6.895 1.069 14.309 -3.022 0.746
Car 0 0 -1.814 655.007 177.576 745.128 240.677 1.526 1.634 3.915 2.189 0.877 17.451 -1.689 0.706
Car 0 0 -2.385 314.010 182.035 416.299 245.786 1.526 1.634 3.915 -5.851 0.983 17.273 -2.712 0.653
Car 0 0 1.456 628.627 170.059 674.579 206.399 1.526 1.634 3.915 1.766 0.646 30.302 1.513 0.651
Cyclist 0 0 2.069 85.893 267.214 244.214 375.000 1.702 0.554 0.423 -7.018 2.341 11.392 1.517 0.587
Car 0 0 0.568 262.245 184.153 359.868 254.579 1.526 1.634 3.915 -6.469 1.008 15.636 0.175 0.450
Car 0 0 1.896 423.840 176.240 481.369 217.244 1.526 1.634 3.915 -5.842 0.889 26.855 1.681 0.448
Car 0 0 1.922 495.919 173.104 538.618 197.430 1.526 1.634 3.915 -5.790 0.779 45.268 1.794 0.338
Car 0 0 1.103 371.300 180.638 429.750 226.203 1.526 1.634 3.915 -7.002 1.024 24.168 0.820 0.298
Car 0 0 2.005 538.613 168.096 562.882 186.151 1.526 1.634 3.915 -4.971 0.361 60.992 1.922 0.285
Car 0 0 1.633 472.326 175.363 503.009 202.487 1.526 1.634 3.915 -6.859 0.904 40.600 1.465 0.263
