Car 0 0 -1.918 771.186 202.058 1034.410 359.588 1.526 1.634 3.915 2.841 1.046 6.990 -1.533 0.770
Car 0 0 0.564 0.000 180.369 239.259 320.761 1.526 1.634 3.915 -5.326 0.845 7.844 -0.033 0.729
Car 0 0 -0.638 852.704 173.555 1108.477 272.595 1.526 1.634 3.915 5.718 0.774 11.119 -0.164 0.705
Car 0 0 -0.135 711.797 172.032 788.100 221.024 1.526 1.634 3.915 4.373 0.737 22.477 0.056 0.668
Car 0 0 0.601 94.441 176.086 340.243 287.945 1.526 1.634 3.915 -5.351 0.807 9.845 0.103 0.646
Car 0 0 1.913 447.053 172.200 528.830 218.189 1.526 1.634 3.915 -4.036 0.741 23.945 1.744 0.641
Car 0 0 -1.939 773.374 177.591 860.125 240.648 1.526 1.634 3.915 5.015 0.878 17.463 -1.660 0.616
Car 0 0 1.971 0.463 241.608 154.864 371.737 1.526 1.634 3.915 -6.238 1.569 8.462 1.336 0.561
Car 0 0 -2.474 282.463 176.183 401.042 248.817 1.526 1.634 3.915 -5.627 0.833 15.161 -2.830 0.548
Car 0 0 -2.016 319.861 160.290 463.301 226.401 1.526 1.634 3.915 -5.032 0.473 16.657 -2.310 0.459
Car 0 0 2.039 181.264 175.654 345.395 251.453 1.526 1.634 3.915 -6.971 0.819 14.528 1.591 0.420
Car 0 0 1.376 622.823 170.214 667.427 201.983 1.526 1.634 3.915 1.709 0.636 34.663 1.425 0.372
Car 0 0 1.804 523.036 173.970 555.691 200.390 1.526 1.634 3.915 -4.055 0.828 41.681 1.707 0.364
Car 0 0 1.692 614.716 167.734 648.371 200.339 1.526 1.634 3.915 1.029 0.523 33.774 1.721 0.268
