Pedestrian 0 0 1.876 43.683 154.295 78.946 257.214 1.760 0.660 0.932 -9.378 0.563 12.342 1.226 0.738
Pedestrian 0 0 1.197 528.814 170.910 573.249 276.139 1.760 0.660 0.932 -0.979 0.848 12.071 1.116 0.724
Pedestrian 0 0 -1.143 676.536 153.534 713.583 265.449 1.760 0.660 0.932 1.345 0.576 11.350 -1.025 0.691
Pedestrian 0 0 1.135 316.229 158.882 336.794 212.722 1.760 0.660 0.932 -9.255 0.423 23.594 0.760 0.617
Car 0 0 -1.733 1059.980 186.851 1155.255 220.253 1.526 1.634 3.915 22.757 1.403 32.968 -1.129 0.499
Car 0 0 2.251 960.124 185.012 1064.921 221.476 1.526 1.634 3.915 16.866 1.272 30.200 2.760 0.476
Car 0 0 1.335 1015.449 187.460 1065.034 219.606 1.526 1.634 3.915 20.448 1.457 34.257 1.873 0.459
Pedestrian 0 0 -1.883 405.175 161.655 427.707 227.548 1.760 0.660 0.932 -5.160 0.581 19.278 -2.145 0.407
Pedestrian 0 0 1.035 1.935 150.006 41.725 254.366 1.760 0.660 0.932 -9.915 0.495 12.172 0.351 0.401
Car 0 0 1.687 156.023 183.809 193.701 198.159 1.526 1.634 3.915 -46.232 1.928 76.738 1.144 0.361
Pedestrian 0 0 1.775 22.008 160.412 51.776 255.846 1.760 0.660 0.932 -10.564 0.651 13.310 1.103 0.322
Car 0 0 2.273 1097.264 187.671 1199.617 223.176 1.526 1.634 3.915 23.164 1.400 31.015 2.914 0.293
