Pedestrian 0 0 -1.392 209.016 156.790 271.866 374.164 1.760 0.660 0.932 -2.989 0.750 5.844 -1.866 0.848
Car 0 0 2.081 0.252 174.646 102.780 259.450 1.526 1.634 3.915 -10.043 0.795 12.985 1.423 0.819
Car 0 0 1.858 137.821 166.828 218.049 234.324 1.526 1.634 3.915 -9.760 0.627 16.315 1.318 0.794
Car 0 0 1.497 586.207 183.626 655.891 237.334 1.526 1.634 3.915 0.327 1.069 20.504 1.513 0.736
Car 0 0 -1.920 365.184 180.836 453.237 260.853 1.526 1.634 3.915 -3.821 0.915 13.762 -2.191 0.686
Car 0 0 -1.665 428.161 178.742 482.869 239.005 1.526 1.634 3.915 -3.901 0.912 18.273 -1.877 0.652
Car 0 0 -1.744 696.892 180.050 754.614 233.120 1.526 1.634 3.915 3.342 0.970 20.750 -1.585 0.628
Car 0 0 -1.836 506.697 183.135 543.009 217.969 1.525 1.635 3.922 -3.709 1.213 31.594 -1.954 0.578
Car 0 0 -1.760 466.182 182.529 510.397 228.234 1.526 1.634 3.915 -4.049 1.086 24.094 -1.927 0.561
Car 0 0 -2.042 287.122 176.443 390.253 244.153 1.526 1.634 3.915 -6.105 0.844 16.263 -2.402 0.542
Car 0 0 -1.688 542.946 177.248 570.874 201.205 1.526 1.634 3.915 -3.354 1.043 45.965 -1.762 0.478
Car 0 0 -1.861 741.551 158.951 914.204 293.941 1.526 1.634 3.915 2.468 0.606 8.158 -1.568 0.393
Car 0 0 -1.690 677.003 170.766 726.430 217.077 1.526 1.634 3.915 3.037 0.694 23.779 -1.564 0.344
Car 0 0 1.543 572.877 167.033 597.792 187.713 1.514 1.628 3.445 -1.773 0.331 52.812 1.509 0.252
