Truck 0 0 -0.978 384.047 147.854 592.066 274.068 3.088 2.617 11.314 -2.972 0.932 17.651 -1.145 0.780
Car 0 0 1.377 336.400 184.572 387.271 229.661 1.526 1.634 3.915 -8.385 1.160 24.423 1.045 0.733
Car 0 0 -1.277 658.633 174.773 713.086 207.694 1.526 1.634 3.915 3.537 0.852 33.450 -1.173 0.685
Car 0 0 -1.626 1154.300 154.951 1187.384 174.172 1.526 1.634 3.915 44.567 -0.658 57.292 -0.966 0.510
Car 0 0 1.998 1090.181 157.808 1153.355 178.189 1.526 1.634 3.915 38.356 -0.364 54.032 2.615 0.439
Car 0 0 1.927 1038.771 159.542 1070.364 178.395 1.526 1.634 3.915 36.024 -0.315 58.409 2.480 0.430
Car 0 0 1.892 1186.021 155.869 1223.380 172.877 1.526 1.634 3.915 53.403 -0.761 64.745 2.581 0.409
Pedestrian 0 0 1.154 235.046 201.215 252.809 240.232 1.760 0.660 0.932 -16.498 2.160 32.557 0.684 0.298
Car 0 0 -1.651 730.818 174.320 750.999 188.686 1.526 1.634 3.915 13.954 0.919 76.653 -1.473 0.269
Car 0 0 1.857 1009.589 160.063 1047.560 178.090 1.526 1.634 3.915 35.475 -0.320 61.087 2.382 0.265
