Car 0 0 1.935 265.933 184.574 399.042 291.439 1.526 1.634 3.915 -3.957 0.930 10.305 1.568 0.766
Pedestrian 0 0 -2.254 215.224 171.523 291.043 351.945 1.760 0.660 0.932 -3.478 0.867 7.041 -2.713 0.751
Pedestrian 0 0 -1.791 145.633 175.386 217.007 356.057 1.760 0.660 0.932 -4.173 0.905 7.031 -2.327 0.748
Pedestrian 0 0 -1.362 0.016 183.319 88.244 371.476 1.760 0.660 0.932 -5.290 0.978 6.751 -2.027 0.684
Pedestrian 0 0 1.383 431.057 155.957 468.256 257.195 1.760 0.660 0.932 -2.781 0.586 12.547 1.164 0.681
Pedestrian 0 0 1.246 648.973 168.694 671.009 228.040 1.760 0.660 0.932 1.496 0.757 21.404 1.315 0.474
Car 0 0 1.599 594.106 182.357 628.122 209.604 1.526 1.634 3.915 0.087 1.295 40.415 1.601 0.466
Pedestrian 0 0 -1.680 503.307 163.294 521.893 213.097 1.760 0.660 0.932 -3.427 0.542 25.506 -1.814 0.408
Pedestrian 0 0 2.069 99.893 171.569 159.078 328.047 1.760 0.660 0.932 -5.401 0.866 8.118 1.481 0.405
Pedestrian 0 0 1.462 383.710 168.681 405.218 219.895 1.760 0.660 0.932 -7.394 0.737 24.803 1.171 0.403
Cyclist 0 0 1.360 432.866 166.077 467.607 258.095 1.739 0.571 1.833 -3.012 0.742 13.639 1.142 0.326
