Car 0 0 -2.568 277.876 172.116 404.596 248.752 1.526 1.634 3.915 -5.344 0.748 14.369 -2.925 0.797
Car 0 0 0.511 99.267 167.061 348.505 280.859 1.526 1.634 3.915 -5.172 0.685 9.677 0.019 0.744
Car 0 0 -1.919 730.632 184.033 893.344 296.546 1.526 1.634 3.915 2.746 0.915 9.787 -1.647 0.720
Car 0 0 -2.444 0.089 190.300 290.961 326.632 1.526 1.634 3.915 -5.195 0.958 8.077 -3.016 0.657
Car 0 0 -2.546 0.531 193.145 119.582 350.334 1.526 1.634 3.915 -5.335 0.960 7.006 -3.197 0.656
Car 0 0 0.395 347.376 165.743 478.003 236.856 1.526 1.634 3.915 -4.225 0.610 15.485 0.128 0.651
Truck 0 0 -1.682 621.283 154.669 677.993 202.525 3.012 2.590 8.870 2.523 0.361 45.418 -1.628 0.610
Car 0 0 2.571 705.241 172.409 773.903 218.738 1.526 1.634 3.915 4.283 0.748 23.769 2.749 0.599
Car 0 0 1.381 458.535 172.866 514.825 203.538 1.526 1.634 3.915 -6.114 0.764 35.903 1.212 0.397
Car 0 0 -1.698 624.254 155.167 677.730 203.211 1.472 1.609 1.880 1.269 0.194 22.105 -1.642 0.337
Car 0 0 1.833 533.689 167.987 571.751 193.684 1.526 1.634 3.915 -3.376 0.474 42.853 1.754 0.334
Car 0 0 1.869 833.265 181.986 952.956 256.579 1.515 1.629 3.506 5.760 0.943 14.657 2.244 0.294
Car 0 0 1.669 577.692 169.017 608.331 186.227 1.527 1.644 4.394 -1.468 0.423 64.023 1.646 0.261
