Car 0 0 2.381 935.657 190.418 1240.653 347.723 1.526 1.634 3.915 4.643 0.933 7.000 2.966 0.882
Car 0 0 -0.695 819.367 193.850 1049.748 295.104 1.526 1.634 3.915 4.899 1.080 10.876 -0.273 0.811
Car 0 0 -2.332 0.920 158.122 244.026 317.163 1.526 1.634 3.915 -4.674 0.622 6.924 -2.926 0.810
Car 0 0 -0.979 1152.467 206.262 1241.810 373.692 1.526 1.634 3.915 5.356 1.068 6.577 -0.295 0.789
Pedestrian 0 0 1.414 442.850 178.631 472.987 255.086 1.760 0.660 0.932 -3.492 1.013 16.615 1.205 0.757
Car 0 0 -1.783 631.792 181.395 689.169 225.180 1.526 1.634 3.915 1.775 1.061 25.150 -1.713 0.745
Car 0 0 -1.053 0.103 184.991 117.041 359.432 1.526 1.634 3.915 -4.821 0.869 6.313 -1.706 0.639
Car 0 0 -0.909 377.445 182.879 441.141 221.948 1.526 1.634 3.915 -7.823 1.155 28.186 -1.180 0.453
Car 0 0 -0.889 807.139 169.506 976.612 248.707 1.526 1.634 3.915 5.440 0.699 13.904 -0.517 0.440
Car 0 0 1.836 488.347 174.920 525.893 200.164 1.526 1.634 3.915 -6.193 0.888 43.623 1.695 0.400
Car 0 0 -2.418 293.064 182.418 418.951 218.049 1.526 1.634 3.915 -10.860 1.173 30.905 -2.755 0.377
Car 0 0 1.437 484.936 178.135 506.959 206.120 1.526 1.634 3.915 -6.196 1.051 39.350 1.280 0.342
Car 0 0 1.917 535.930 173.196 559.918 191.800 1.526 1.634 3.915 -5.056 0.791 59.190 1.831 0.328
Car 0 0 1.958 510.401 174.686 535.364 195.591 1.526 1.634 3.915 -6.328 0.897 52.677 1.837 0.311
Car 0 0 -1.607 597.840 167.021 628.890 200.089 1.526 1.634 3.915 0.176 0.494 33.301 -1.602 0.287
