Pedestrian 0 0 -2.073 850.727 155.745 940.796 374.000 1.760 0.660 0.932 2.353 0.681 5.703 -1.683 0.896
Pedestrian 0 0 -2.110 768.858 173.982 833.706 373.320 1.760 0.660 0.932 1.742 0.823 6.244 -1.839 0.842
Pedestrian 0 0 -2.455 176.555 173.150 266.072 373.013 1.760 0.660 0.932 -3.372 0.815 6.228 -2.952 0.799
Cyclist 0 0 -2.945 1003.564 288.850 1183.919 372.044 1.739 0.571 1.833 10.238 3.135 14.783 -2.340 0.666
Pedestrian 0 0 -1.314 1095.580 159.011 1170.808 332.889 1.760 0.660 0.932 5.357 0.663 7.159 -0.672 0.626
Car 0 0 1.888 512.152 170.921 567.369 222.498 1.526 1.634 3.915 -1.903 0.479 20.922 1.796 0.581
Pedestrian 0 0 -1.769 744.435 174.776 774.793 259.565 1.760 0.660 0.932 3.229 0.761 14.681 -1.553 0.570
Cyclist 0 0 -2.617 67.246 221.646 207.422 346.941 1.739 0.571 1.833 -6.480 1.441 9.816 -3.201 0.456
Car 0 0 1.517 564.807 164.648 612.223 206.165 1.526 1.634 3.915 -0.572 0.180 25.992 1.494 0.389
Pedestrian 0 0 0.763 1154.984 155.408 1189.906 234.498 1.760 0.660 0.932 12.651 0.322 15.739 1.440 0.292
Cyclist 0 0 2.294 297.880 209.402 381.905 278.805 1.739 0.571 1.833 -6.621 1.594 17.721 1.935 0.287
