Car 0 0 -1.467 0.021 191.422 230.645 359.851 1.513 1.628 3.424 -4.440 0.923 6.482 -2.068 0.903
Car 0 0 0.950 245.274 177.533 390.087 249.347 1.526 1.634 3.915 -6.203 0.863 15.334 0.565 0.901
Pedestrian 0 0 -1.877 930.039 178.052 1025.953 373.367 1.760 0.660 0.932 3.321 0.927 6.504 -1.406 0.885
Car 0 0 -1.324 403.666 192.654 521.908 273.020 1.526 1.634 3.915 -2.787 1.139 13.702 -1.526 0.844
Car 0 0 -1.652 584.356 175.883 646.138 223.534 1.526 1.634 3.915 0.182 0.860 23.110 -1.645 0.731
Car 0 0 -1.935 683.881 173.449 759.224 232.687 1.526 1.634 3.915 2.885 0.778 18.589 -1.782 0.705
Car 0 0 -1.226 1040.592 140.488 1241.181 370.638 1.526 1.634 3.915 3.523 0.548 4.785 -0.593 0.650
Car 0 0 1.964 172.587 177.566 255.024 219.655 1.526 1.634 3.915 -14.351 0.934 26.164 1.461 0.558
Truck 0 0 -1.960 754.729 138.733 1018.872 337.983 3.075 2.618 11.229 4.279 1.011 11.137 -1.594 0.500
Car 0 0 1.735 471.752 177.624 544.761 235.106 1.526 1.634 3.915 -2.690 0.890 19.157 1.595 0.383
Car 0 0 -1.634 549.682 170.060 583.699 197.758 1.526 1.634 3.915 -2.362 0.609 39.758 -1.695 0.381
Truck 0 0 -2.008 0.184 135.847 69.998 214.660 3.075 2.618 11.229 -22.416 0.094 28.155 -2.681 0.297
Car 0 0 -1.662 641.486 174.585 678.284 204.490 1.526 1.634 3.915 2.568 0.851 36.823 -1.594 0.284
Car 0 0 -2.144 697.460 186.959 773.738 263.226 1.526 1.634 3.915 2.522 1.045 14.439 -1.971 0.253
Car 0 0 1.999 726.776 204.579 772.231 271.069 1.477 1.612 2.087 3.109 1.444 16.032 2.190 0.253
