Pedestrian 0 0 -2.433 1051.608 129.825 1123.293 310.910 1.760 0.660 0.932 4.699 0.388 6.874 -1.834 0.801
Car 0 0 -2.521 166.616 184.520 312.041 244.727 1.526 1.634 3.915 -9.246 0.865 17.923 -2.998 0.769
Pedestrian 0 0 -2.440 1125.800 128.782 1214.205 316.801 1.760 0.660 0.932 5.299 0.396 6.620 -1.765 0.766
Car 0 0 1.775 0.000 208.888 56.983 249.990 1.526 1.634 3.915 -21.373 1.817 26.254 1.091 0.751
Car 0 0 2.439 893.424 168.348 948.190 208.058 1.526 1.634 3.915 12.173 0.296 27.174 2.859 0.592
Car 0 0 -1.047 1009.950 160.558 1060.578 197.628 1.526 1.634 3.915 17.752 -0.058 29.109 -0.500 0.409
Car 0 0 2.296 842.113 186.261 867.487 210.023 1.526 1.634 3.915 16.103 1.133 45.411 2.636 0.353
Car 0 0 2.714 837.826 169.833 953.348 210.022 1.526 1.634 3.915 11.070 0.358 26.850 3.104 0.324
Car 0 0 1.712 313.601 193.303 348.741 213.925 1.526 1.634 3.915 -20.197 1.710 52.326 1.343 0.297
Car 0 0 -1.831 139.430 191.673 196.753 220.654 1.526 1.634 3.915 -22.961 1.351 37.235 -2.384 0.269
