Pedestrian 0 0 1.761 77.749 154.161 201.881 372.257 1.760 0.660 0.932 -3.792 0.729 5.824 1.183 0.910
Pedestrian 0 0 1.914 230.156 179.203 371.798 370.769 1.760 0.660 0.932 -2.836 0.939 6.631 1.509 0.862
Pedestrian 0 0 -1.016 677.254 177.087 743.816 328.977 1.760 0.660 0.932 1.170 0.929 8.363 -0.878 0.720
Car 0 0 1.651 518.801 178.355 551.298 203.523 1.526 1.634 3.915 -4.518 1.097 43.754 1.548 0.588
Pedestrian 0 0 -1.603 494.988 176.169 521.601 233.764 1.760 0.660 0.932 -3.095 0.982 22.055 -1.743 0.530
Pedestrian 0 0 2.174 1129.170 137.092 1236.646 371.785 1.760 0.660 0.932 4.301 0.612 5.412 2.845 0.467
Pedestrian 0 0 1.104 473.390 176.431 494.273 233.976 1.760 0.660 0.932 -3.846 0.990 22.074 0.930 0.463
Pedestrian 0 0 -2.059 935.222 145.033 968.631 266.845 1.760 0.660 0.932 4.948 0.478 10.428 -1.617 0.459
Pedestrian 0 0 -1.708 599.056 176.756 617.765 233.478 1.760 0.660 0.932 -0.036 1.001 22.395 -1.710 0.397
Pedestrian 0 0 2.163 205.494 213.213 262.622 276.723 1.760 0.660 0.932 -10.409 1.999 20.001 1.683 0.386
Cyclist 0 0 -1.310 674.742 216.609 744.878 331.346 1.739 0.571 1.833 1.520 1.533 10.939 -1.173 0.292
Pedestrian 0 0 -1.795 627.806 180.064 649.920 239.335 1.760 0.660 0.932 0.870 1.094 21.431 -1.755 0.290
Pedestrian 0 0 -1.735 554.879 176.474 575.827 224.999 1.760 0.660 0.932 -1.604 1.012 26.178 -1.796 0.278
Cyclist 0 0 1.851 366.610 247.948 407.621 329.964 1.739 0.571 1.833 -4.718 2.462 15.303 1.552 0.267
Cyclist 0 0 2.152 190.405 274.195 354.057 372.456 1.739 0.571 1.833 -5.971 2.664 12.773 1.715 0.255
