Car 0 0 -1.856 686.411 183.410 774.117 244.743 1.526 1.634 3.915 3.004 1.026 17.954 -1.691 0.820
Car 0 0 -0.748 0.075 229.239 340.867 372.500 1.526 1.634 3.915 -4.678 1.364 7.687 -1.296 0.811
Car 0 0 -1.677 577.782 176.644 637.364 221.924 1.526 1.634 3.915 -0.067 0.891 24.319 -1.681 0.776
Car 0 0 1.042 269.771 180.651 409.608 255.399 1.526 1.634 3.915 -5.510 0.922 14.732 0.684 0.744
Car 0 0 1.104 369.048 176.778 447.937 238.851 1.526 1.634 3.915 -4.944 0.860 17.740 0.832 0.733
Car 0 0 -1.703 638.836 172.613 668.456 197.311 1.526 1.634 3.915 2.724 0.748 44.586 -1.643 0.723
Car 0 0 1.649 516.480 179.376 570.467 220.051 1.526 1.634 3.915 -2.480 1.008 27.073 1.558 0.689
Car 0 0 1.413 0.000 187.195 94.056 241.806 1.526 1.634 3.915 -15.721 1.164 20.165 0.751 0.521
Car 0 0 -1.657 422.157 175.673 480.453 213.961 1.526 1.634 3.915 -6.308 0.875 28.761 -1.873 0.502
Car 0 0 1.418 484.855 178.406 527.586 205.624 1.526 1.634 3.915 -5.795 1.074 40.459 1.275 0.411
Car 0 0 2.261 0.877 200.196 191.610 243.872 1.526 1.634 3.915 -17.937 1.718 25.213 1.643 0.386
Pedestrian 0 0 2.019 776.609 170.052 794.677 218.296 1.760 0.660 0.932 6.425 0.778 26.330 2.258 0.274
