Car 0 0 2.392 200.387 172.776 338.053 231.784 1.526 1.634 3.915 -8.803 0.761 18.662 1.951 0.837
Car 0 0 -1.161 432.056 179.659 511.878 218.163 1.526 1.634 3.915 -5.454 1.033 28.599 -1.351 0.739
Pedestrian 0 0 -1.874 911.621 164.570 950.340 252.971 1.757 0.658 0.786 6.387 0.714 14.338 -1.456 0.681
Car 0 0 1.598 877.912 167.166 911.568 191.095 1.526 1.634 3.915 18.189 0.400 46.020 1.973 0.616
Car 0 0 2.071 572.929 175.428 629.513 204.028 1.526 1.634 3.915 -0.445 0.900 38.502 2.059 0.467
Car 0 0 2.050 1002.010 168.822 1037.067 182.505 1.526 1.634 3.915 45.726 0.313 80.475 2.566 0.370
Car 0 0 1.534 1111.540 168.730 1151.354 185.691 1.526 1.634 3.915 46.961 0.392 64.926 2.159 0.364
Car 0 0 1.481 509.265 179.084 539.910 197.060 1.526 1.634 3.915 -7.214 1.292 61.260 1.363 0.353
Car 0 0 1.663 641.118 173.952 668.505 193.900 1.526 1.634 3.915 3.462 0.847 55.202 1.725 0.283
Car 0 0 1.824 1157.279 167.872 1189.538 184.255 1.526 1.634 3.915 52.529 0.299 67.220 2.487 0.278
Car 0 0 1.781 570.708 177.861 602.313 205.297 1.526 1.634 3.915 -1.282 1.042 40.137 1.748 0.269
Car 0 0 -1.831 753.966 173.327 786.629 196.430 1.526 1.634 3.915 10.618 0.794 47.664 -1.612 0.259
