Car 0 0 -1.006 0.402 233.335 279.261 372.611 1.526 1.634 3.915 -5.147 1.426 7.907 -1.584 0.889
Car 0 0 -1.871 737.776 187.746 916.105 313.842 1.526 1.634 3.915 2.631 0.943 8.733 -1.580 0.836
Car 0 0 1.407 663.456 176.670 715.037 223.980 1.510 1.627 3.295 2.543 0.877 23.024 1.517 0.749
Pedestrian 0 0 -0.035 105.634 193.297 154.973 238.645 1.760 0.660 0.932 -18.606 1.674 28.012 -0.621 0.733
Car 0 0 -1.255 314.448 183.870 435.547 272.993 1.526 1.634 3.915 -4.017 0.952 12.356 -1.571 0.732
Pedestrian 0 0 -2.000 171.633 180.495 222.527 257.562 1.760 0.660 0.932 -9.423 1.055 16.483 -2.519 0.713
Car 0 0 1.723 457.947 184.755 512.940 225.482 1.526 1.634 3.915 -4.651 1.209 27.039 1.552 0.651
Car 0 0 1.675 516.544 178.380 544.545 206.519 1.526 1.634 3.915 -4.286 1.063 39.134 1.565 0.478
Car 0 0 -1.310 397.185 183.046 456.275 260.600 1.526 1.634 3.915 -3.598 0.964 14.199 -1.559 0.436
Car 0 0 -1.647 620.413 173.528 643.288 195.268 1.526 1.634 3.915 1.565 0.810 50.653 -1.617 0.353
