Car 0 0 -0.938 0.502 159.189 430.285 374.675 1.526 1.634 3.915 -2.792 0.666 5.110 -1.438 0.849
Car 0 0 1.797 447.966 180.778 501.133 211.209 1.526 1.634 3.915 -6.771 1.160 36.187 1.612 0.792
Car 0 0 -1.512 670.551 165.267 730.121 213.660 1.526 1.634 3.915 2.863 0.524 22.755 -1.387 0.680
Car 0 0 2.132 1036.686 158.064 1086.969 178.492 1.526 1.634 3.915 33.790 -0.342 53.908 2.691 0.443
Car 0 0 1.952 1102.625 156.880 1142.371 178.788 1.526 1.634 3.915 35.733 -0.350 50.265 2.569 0.421
Car 0 0 1.734 528.885 175.734 557.560 195.602 1.526 1.634 3.915 -5.096 0.984 55.426 1.642 0.384
Car 0 0 -1.766 891.778 156.179 916.629 172.398 1.526 1.634 3.915 27.725 -0.806 67.894 -1.379 0.360
Car 0 0 1.775 488.683 175.690 530.982 202.741 1.526 1.634 3.915 -5.626 0.923 40.707 1.637 0.318
Car 0 0 -1.679 1204.170 153.508 1241.074 173.591 1.526 1.634 3.915 46.589 -0.707 54.833 -0.975 0.316
Car 0 0 -1.735 721.312 171.435 745.032 185.216 1.526 1.634 3.915 13.689 0.606 79.906 -1.565 0.286
Car 0 0 1.537 1135.480 154.800 1176.179 176.780 1.526 1.634 3.915 37.931 -0.490 50.101 2.184 0.277
