Car 0 0 -2.113 113.011 177.928 361.345 331.543 1.526 1.634 3.915 -3.700 0.814 7.169 -2.590 0.930
Car 0 0 -1.819 728.629 188.663 822.695 255.474 1.526 1.634 3.915 3.794 1.124 16.482 -1.593 0.915
Car 0 0 2.301 0.000 161.039 148.168 266.103 1.526 1.634 3.915 -7.778 0.591 10.481 1.662 0.849
Car 0 0 -1.343 336.201 179.615 429.796 276.906 1.526 1.634 3.915 -3.554 0.869 11.319 -1.648 0.815
Car 0 0 -1.635 590.555 183.004 653.778 234.592 1.526 1.634 3.915 0.373 1.063 21.346 -1.617 0.780
Car 0 0 -1.710 701.962 177.443 758.923 226.622 1.526 1.634 3.915 3.751 0.906 22.392 -1.545 0.735
Car 0 0 -1.923 396.343 183.896 485.225 251.981 1.526 1.634 3.915 -3.783 1.011 16.174 -2.154 0.730
Car 0 0 -2.155 456.073 179.146 531.731 232.462 1.526 1.634 3.915 -3.311 0.943 20.654 -2.315 0.564
Car 0 0 -1.706 540.250 182.241 567.166 205.778 1.526 1.634 3.915 -3.622 1.372 46.787 -1.784 0.523
Car 0 0 -1.737 672.222 173.671 706.172 211.914 1.526 1.634 3.915 3.178 0.796 28.795 -1.628 0.372
