Car 0 0 -1.649 590.957 170.991 648.775 220.125 1.526 1.634 3.915 0.320 0.705 22.412 -1.636 0.834
Truck 0 0 -1.168 846.598 0.000 1239.872 367.718 3.053 2.608 10.375 3.600 0.091 5.990 -0.627 0.828
Car 0 0 -2.176 1.448 183.066 286.278 326.882 1.526 1.634 3.915 -4.942 0.871 7.657 -2.750 0.821
Car 0 0 1.022 342.251 176.139 446.853 228.452 1.526 1.634 3.915 -6.273 0.859 21.050 0.732 0.759
Car 0 0 -1.075 798.721 137.188 860.393 339.079 1.526 1.634 3.915 1.663 0.493 5.454 -0.780 0.711
Car 0 0 -1.882 256.561 186.468 384.852 277.132 1.526 1.634 3.915 -4.862 0.992 12.146 -2.264 0.694
Car 0 0 -1.217 465.639 181.008 560.146 243.222 1.526 1.634 3.915 -2.371 0.963 17.700 -1.351 0.671
Car 0 0 -1.911 712.860 153.416 825.710 269.343 1.526 1.634 3.915 2.103 0.507 9.499 -1.693 0.637
Car 0 0 -1.959 676.349 171.232 736.270 227.619 1.526 1.634 3.915 2.619 0.719 19.529 -1.827 0.607
Car 0 0 2.204 0.000 147.109 239.249 256.513 1.526 1.634 3.915 -6.835 0.404 10.065 1.607 0.529
Car 0 0 -2.400 708.918 176.789 761.429 249.767 1.526 1.634 3.915 2.627 0.845 15.089 -2.228 0.251
