Car 0 0 -1.288 0.063 190.810 180.505 322.969 1.526 1.634 3.915 -5.997 0.970 8.332 -1.912 0.870
Car 0 0 -1.663 666.018 183.745 715.150 218.621 1.526 1.634 3.915 3.546 1.240 31.575 -1.552 0.810
Car 0 0 2.001 0.042 215.776 79.050 372.070 1.526 1.634 3.915 -5.566 1.182 7.046 1.332 0.786
Car 0 0 0.463 315.012 182.984 473.154 252.017 1.526 1.634 3.915 -4.764 0.987 15.952 0.173 0.622
Car 0 0 2.224 466.630 165.204 526.328 213.007 1.526 1.634 3.915 -3.610 0.519 23.036 2.068 0.496
Car 0 0 0.444 160.554 186.688 471.234 258.663 1.526 1.634 3.915 -6.227 1.056 15.300 0.056 0.382
Car 0 0 1.809 542.686 174.292 580.027 197.687 1.526 1.634 3.915 -3.144 0.857 47.069 1.742 0.359
Car 0 0 -0.961 409.711 181.815 476.379 224.097 1.526 1.634 3.915 -6.010 1.087 26.045 -1.188 0.313
Car 0 0 -1.690 507.964 174.446 549.018 203.865 1.526 1.634 3.915 -4.206 0.846 37.432 -1.802 0.302
Car 0 0 -0.345 163.199 189.452 303.534 226.449 1.526 1.634 3.915 -15.519 1.448 29.765 -0.826 0.288
Car 0 0 -1.633 643.697 165.856 685.290 201.729 1.471 1.609 1.849 2.253 0.449 29.587 -1.558 0.283
