Car 0 0 -0.317 716.388 179.074 935.643 258.458 1.526 1.634 3.915 4.161 0.883 13.872 -0.026 0.899
Car 0 0 0.287 113.355 173.880 325.225 257.420 1.526 1.634 3.915 -7.130 0.782 13.182 -0.209 0.864
Car 0 0 -2.484 1.987 191.314 193.634 300.408 1.526 1.634 3.915 -7.159 1.021 10.094 -3.102 0.794
Car 0 0 1.995 0.072 216.773 111.029 351.367 1.505 1.624 3.111 -6.194 1.243 8.067 1.339 0.765
Car 0 0 0.750 246.676 180.309 374.513 241.622 1.526 1.634 3.915 -7.442 0.949 17.960 0.357 0.686
Car 0 0 -1.725 335.160 172.399 428.053 220.275 1.526 1.634 3.915 -7.267 0.749 23.001 -2.032 0.586
Car 0 0 -0.391 645.822 176.842 733.582 220.123 1.526 1.634 3.915 2.826 0.904 25.443 -0.282 0.544
Car 0 0 1.805 420.792 172.936 453.927 193.724 1.526 1.634 3.915 -12.642 0.769 52.973 1.570 0.384
Car 0 0 -0.652 643.680 175.223 693.679 212.506 1.526 1.634 3.915 2.420 0.860 29.536 -0.571 0.280
Car 0 0 1.502 455.232 173.327 482.756 193.736 1.526 1.634 3.915 -10.511 0.798 53.956 1.308 0.260
