Truck 0 0 2.224 0.118 64.961 236.106 267.460 2.945 2.559 6.336 -7.146 -0.097 10.492 1.626 0.838
Car 0 0 -1.445 696.194 171.031 741.404 203.315 1.526 1.634 3.915 5.164 0.677 34.109 -1.295 0.794
Car 0 0 1.884 400.644 183.327 457.487 217.945 1.526 1.634 3.915 -7.957 1.225 31.810 1.639 0.675
Car 0 0 1.600 507.500 179.090 537.345 200.109 1.526 1.634 3.915 -6.327 1.216 52.392 1.479 0.511
Car 0 0 -1.310 588.527 173.463 648.434 213.066 1.526 1.634 3.915 0.344 0.787 27.806 -1.299 0.471
Car 0 0 1.561 735.425 166.321 756.583 184.648 1.526 1.634 3.915 11.362 0.219 60.085 1.748 0.447
Car 0 0 1.965 356.093 182.167 393.704 210.379 1.526 1.634 3.915 -12.695 1.267 39.033 1.650 0.432
Car 0 0 2.008 1102.821 156.646 1142.211 177.840 1.526 1.634 3.915 36.939 -0.404 51.959 2.625 0.414
Car 0 0 1.565 462.538 186.290 503.464 207.809 1.526 1.634 3.915 -8.976 1.716 51.173 1.391 0.403
Car 0 0 2.159 1039.895 158.087 1086.415 178.408 1.526 1.634 3.915 34.066 -0.346 54.189 2.720 0.397
Car 0 0 -1.674 1204.819 153.934 1241.117 173.646 1.526 1.634 3.915 47.493 -0.702 55.864 -0.971 0.368
Car 0 0 1.646 1169.878 154.772 1205.262 175.197 1.526 1.634 3.915 43.190 -0.588 53.915 2.320 0.346
Car 0 0 1.918 891.674 156.506 916.301 172.386 1.526 1.634 3.915 28.298 -0.808 69.348 2.304 0.340
Car 0 0 1.704 675.629 172.477 700.190 193.740 1.526 1.634 3.915 5.624 0.736 51.791 1.811 0.310
Car 0 0 1.601 1136.748 156.146 1173.886 176.473 1.526 1.634 3.915 40.976 -0.491 54.174 2.249 0.300
