Car 0 0 -1.613 523.244 175.714 736.084 370.401 1.526 1.634 3.915 0.158 0.786 5.656 -1.586 0.919
Car 0 0 1.548 0.135 206.044 31.300 233.000 1.526 1.634 3.915 -33.623 2.642 40.853 0.859 0.748
Car 0 0 1.970 226.620 189.948 297.354 220.255 1.526 1.634 3.915 -17.503 1.624 36.335 1.520 0.685
Car 0 0 1.893 90.914 200.227 172.933 230.626 1.526 1.634 3.915 -23.979 2.137 36.224 1.307 0.560
Pedestrian 0 0 2.230 776.960 196.836 822.841 266.082 1.760 0.660 0.932 4.839 1.490 18.344 2.487 0.472
Car 0 0 1.543 272.087 191.077 296.404 217.361 1.526 1.634 3.915 -18.889 1.821 41.896 1.120 0.421
Car 0 0 1.681 416.713 178.165 460.205 203.668 1.526 1.634 3.915 -10.239 1.081 43.179 1.448 0.356
Car 0 0 1.944 176.109 191.020 206.690 210.994 1.526 1.634 3.915 -31.952 2.151 55.133 1.418 0.349
Car 0 0 1.686 373.786 178.377 413.738 206.173 1.526 1.634 3.915 -11.848 1.066 39.616 1.394 0.349
Car 0 0 2.359 695.444 186.921 782.138 248.461 1.516 1.629 3.525 3.183 1.104 17.772 2.535 0.271
