Car 0 0 -1.066 446.913 170.355 618.975 274.811 1.526 1.634 3.915 -1.119 0.727 10.542 -1.173 0.850
Car 0 0 1.851 399.721 180.667 457.891 219.935 1.526 1.634 3.915 -7.025 1.067 28.043 1.604 0.736
Car 0 0 2.408 2.248 194.306 185.635 264.589 1.526 1.634 3.915 -11.197 1.229 15.668 1.786 0.647
Car 0 0 -1.660 679.232 173.048 709.557 191.768 1.521 1.637 3.957 6.892 0.776 58.616 -1.544 0.554
Car 0 0 -1.656 731.975 170.002 755.339 187.829 1.526 1.634 3.915 11.480 0.519 61.770 -1.473 0.519
Car 0 0 2.134 1036.835 157.884 1086.801 178.102 1.526 1.634 3.915 34.139 -0.367 54.466 2.693 0.445
Car 0 0 1.938 355.971 182.068 393.946 210.133 1.526 1.634 3.915 -12.758 1.264 39.238 1.622 0.434
Car 0 0 1.933 1102.820 157.159 1142.336 178.604 1.526 1.634 3.915 36.510 -0.354 51.350 2.550 0.407
Car 0 0 1.906 891.731 155.861 916.922 172.468 1.526 1.634 3.915 27.088 -0.799 66.306 2.293 0.343
Car 0 0 -1.670 1203.660 153.505 1241.124 173.952 1.526 1.634 3.915 45.742 -0.681 53.855 -0.966 0.340
Car 0 0 1.590 1136.122 154.908 1175.717 176.620 1.526 1.634 3.915 38.406 -0.498 50.720 2.238 0.306
Car 0 0 1.628 1169.658 154.480 1205.458 175.733 1.526 1.634 3.915 41.507 -0.556 51.814 2.303 0.258
