Car 0 0 -2.340 663.830 143.131 1099.010 370.052 1.526 1.634 3.915 1.828 0.563 4.853 -1.981 0.886
Car 0 0 -1.879 512.565 190.128 645.023 263.725 1.526 1.634 3.915 -0.638 1.121 14.963 -1.923 0.880
Car 0 0 2.182 0.293 220.385 101.386 371.092 1.526 1.634 3.915 -5.658 1.244 7.307 1.522 0.846
Car 0 0 0.812 1119.083 151.611 1241.671 238.858 1.526 1.634 3.915 9.985 0.392 12.622 1.481 0.748
Car 0 0 1.807 29.421 202.086 156.644 300.242 1.526 1.634 3.915 -8.031 1.218 11.219 1.186 0.695
Car 0 0 1.722 222.674 186.183 268.552 213.659 1.526 1.634 3.915 -20.216 1.503 40.079 1.254 0.664
Car 0 0 -2.666 589.837 165.571 684.906 208.195 1.526 1.634 3.915 0.996 0.502 25.836 -2.628 0.604
Car 0 0 1.635 381.541 177.153 408.441 197.990 1.526 1.634 3.915 -15.716 1.078 52.848 1.345 0.540
Car 0 0 -1.762 409.878 183.458 469.366 220.696 1.526 1.634 3.915 -6.965 1.198 29.572 -1.994 0.538
Car 0 0 -1.567 401.497 181.191 431.794 214.715 1.526 1.634 3.915 -8.782 1.143 32.848 -1.830 0.348
