Car 0 0 -1.617 523.240 175.693 736.119 370.533 1.526 1.634 3.915 0.158 0.785 5.652 -1.590 0.917
Car 0 0 1.920 118.468 194.910 218.952 230.478 1.526 1.634 3.915 -18.916 1.709 30.961 1.371 0.617
Car 0 0 1.788 0.000 203.480 68.685 235.882 1.526 1.634 3.915 -27.094 2.206 33.986 1.114 0.537
Car 0 0 -2.380 261.015 188.592 330.460 218.142 1.526 1.634 3.915 -16.208 1.576 37.265 -2.792 0.488
Pedestrian 0 0 2.220 776.895 196.751 822.786 266.669 1.760 0.660 0.932 4.791 1.482 18.168 2.476 0.471
Car 0 0 1.695 374.499 178.211 416.221 206.528 1.526 1.634 3.915 -11.545 1.052 38.889 1.406 0.404
Car 0 0 1.484 174.084 193.042 218.272 225.878 1.526 1.634 3.915 -19.213 1.701 33.536 0.963 0.402
Car 0 0 1.673 416.709 178.213 460.442 203.690 1.526 1.634 3.915 -10.243 1.084 43.223 1.440 0.354
Car 0 0 1.829 338.307 188.785 368.293 207.790 1.526 1.634 3.915 -20.579 2.042 57.942 1.488 0.305
Car 0 0 1.546 302.792 189.632 331.895 216.469 1.526 1.634 3.915 -16.618 1.717 41.033 1.161 0.273
