Pedestrian 0 0 -2.081 1076.141 133.744 1185.887 372.293 1.760 0.660 0.932 3.848 0.592 5.325 -1.456 0.869
Cyclist 0 0 -2.106 849.794 244.776 988.307 371.782 1.739 0.571 1.833 4.239 1.855 9.882 -1.701 0.759
Pedestrian 0 0 1.671 454.978 167.372 494.590 269.814 1.760 0.660 0.932 -2.316 0.786 12.400 1.486 0.707
Pedestrian 0 0 1.462 492.141 164.042 521.914 268.285 1.760 0.660 0.932 -1.732 0.731 12.186 1.321 0.657
Pedestrian 0 0 2.193 75.849 226.331 168.366 311.694 1.760 0.660 0.932 -10.053 1.983 14.881 1.599 0.488
Pedestrian 0 0 -1.649 646.948 163.669 673.172 234.466 1.760 0.660 0.932 1.256 0.652 17.942 -1.579 0.471
Car 0 0 1.642 553.298 167.349 583.730 192.613 1.526 1.634 3.915 -2.480 0.431 43.587 1.584 0.400
Cyclist 0 0 -2.340 782.693 228.076 930.348 372.464 1.739 0.571 1.833 2.975 1.535 8.692 -2.011 0.370
Pedestrian 0 0 2.148 0.000 230.456 81.683 371.299 1.760 0.660 0.932 -7.109 1.600 9.019 1.479 0.364
Pedestrian 0 0 -1.713 683.870 168.764 704.492 223.156 1.760 0.660 0.932 2.739 0.748 23.354 -1.596 0.342
Pedestrian 0 0 -1.710 596.585 165.516 618.470 240.771 1.760 0.660 0.932 -0.048 0.709 16.879 -1.714 0.315
Pedestrian 0 0 1.551 612.495 159.292 635.279 210.144 1.760 0.660 0.932 0.496 0.411 24.980 1.569 0.295
Pedestrian 0 0 2.122 73.017 216.836 110.198 273.577 1.760 0.660 0.932 -16.070 2.245 22.387 1.499 0.281
Pedestrian 0 0 2.226 993.899 155.251 1023.874 230.446 1.760 0.660 0.932 9.349 0.468 16.893 2.730 0.280
Cyclist 0 0 2.119 697.838 197.093 770.911 278.398 1.739 0.571 1.833 2.670 1.388 15.437 2.290 0.276
Pedestrian 0 0 -1.608 705.645 160.880 735.847 225.348 1.760 0.660 0.932 3.036 0.553 19.704 -1.456 0.266
