Car 0 0 -0.928 0.667 240.521 395.262 372.539 1.526 1.634 3.915 -4.758 1.545 8.341 -1.448 0.869
Car 0 0 2.089 206.211 180.928 335.778 257.235 1.526 1.634 3.915 -6.772 0.925 14.431 1.649 0.857
Car 0 0 -1.289 298.081 191.396 503.495 332.962 1.526 1.634 3.915 -2.251 0.963 7.779 -1.572 0.856
Car 0 0 -1.831 662.472 182.750 738.272 242.422 1.526 1.634 3.915 2.323 1.016 18.454 -1.707 0.817
Car 0 0 1.838 100.143 190.686 166.301 232.136 1.526 1.634 3.915 -17.539 1.420 26.567 1.254 0.769
Car 0 0 1.566 636.590 182.046 670.821 222.610 1.526 1.634 3.915 1.661 1.109 27.147 1.626 0.657
Car 0 0 -1.615 551.434 176.895 598.746 219.265 1.526 1.634 3.915 -1.242 0.909 25.990 -1.663 0.652
Truck 0 0 -1.714 614.192 136.560 669.456 211.697 2.984 2.577 7.822 1.282 0.051 28.659 -1.670 0.439
Car 0 0 -1.623 479.198 172.761 526.322 215.918 1.526 1.634 3.915 -3.777 0.760 25.516 -1.771 0.338
Car 0 0 -2.111 768.049 0.526 1241.081 369.897 1.526 1.634 3.915 1.632 0.051 2.981 -1.611 0.330
