Car 0 0 2.104 41.991 202.003 400.771 373.157 1.526 1.634 3.915 -3.413 0.955 6.305 1.607 0.913
Car 0 0 -1.881 776.959 184.143 913.706 276.506 1.526 1.634 3.915 3.986 0.823 11.683 -1.553 0.846
Car 0 0 1.660 452.837 183.592 539.319 241.043 1.526 1.634 3.915 -2.869 0.845 18.782 1.508 0.676
Car 0 0 1.844 523.449 183.020 562.544 230.967 1.526 1.634 3.915 -1.944 0.843 22.506 1.756 0.593
Car 0 0 -1.764 747.910 182.236 820.460 248.411 1.526 1.634 3.915 4.154 0.803 16.307 -1.515 0.562
Car 0 0 -1.659 714.631 177.360 761.137 224.891 1.526 1.634 3.915 4.296 0.662 22.703 -1.473 0.449
Car 0 0 1.795 674.847 174.327 708.639 194.723 1.526 1.634 3.915 6.560 0.301 52.908 1.917 0.414
Car 0 0 1.617 550.925 179.254 580.689 217.325 1.526 1.634 3.915 -1.534 0.713 28.344 1.562 0.401
Car 0 0 1.844 581.240 177.439 624.240 206.610 1.526 1.634 3.915 -0.070 0.603 36.992 1.841 0.365
Car 0 0 1.686 332.048 185.679 364.397 202.821 1.526 1.634 3.915 -22.779 1.224 62.949 1.338 0.270
