Car 0 0 2.190 45.703 193.531 140.373 254.791 1.526 1.634 3.915 -12.868 1.278 17.976 1.569 0.804
Car 0 0 2.068 337.625 182.264 432.537 224.036 1.526 1.634 3.915 -8.202 1.107 26.363 1.767 0.789
Car 0 0 -0.878 0.113 160.273 115.176 341.815 1.526 1.634 3.915 -4.640 0.657 6.066 -1.531 0.773
Car 0 0 -1.528 720.545 165.522 754.812 196.516 1.526 1.634 3.915 6.309 0.402 35.529 -1.353 0.725
Car 0 0 -0.975 447.658 175.904 558.915 234.244 1.526 1.634 3.915 -2.780 0.843 18.876 -1.122 0.610
Car 0 0 -1.244 603.895 161.665 696.318 229.662 1.449 1.599 1.031 0.864 0.486 15.378 -1.188 0.518
Car 0 0 1.533 656.195 163.732 700.219 221.114 1.526 1.634 3.915 1.826 0.520 19.191 1.627 0.441
Car 0 0 2.098 1037.500 158.126 1086.049 177.705 1.526 1.634 3.915 35.251 -0.385 56.246 2.657 0.435
Car 0 0 1.954 1102.829 157.187 1142.371 178.543 1.526 1.634 3.915 36.664 -0.357 51.564 2.572 0.427
Car 0 0 1.938 891.634 155.713 916.822 172.421 1.526 1.634 3.915 26.916 -0.803 65.909 2.325 0.352
Car 0 0 1.453 1203.907 153.330 1241.045 173.706 1.526 1.634 3.915 45.907 -0.699 54.043 2.156 0.330
Car 0 0 1.581 1136.468 154.402 1177.237 176.463 1.526 1.634 3.915 37.861 -0.513 49.916 2.229 0.272
Car 0 0 1.665 1170.115 154.197 1205.459 175.382 1.526 1.634 3.915 41.657 -0.581 51.982 2.340 0.254
