Car 0 0 -2.317 875.569 198.809 1241.395 371.057 1.526 1.634 3.915 3.978 0.993 6.393 -1.761 0.843
Car 0 0 2.151 935.795 168.790 1077.580 245.856 1.526 1.634 3.915 7.865 0.683 14.289 2.654 0.831
Car 0 0 -2.228 815.119 159.534 982.840 234.061 1.526 1.634 3.915 5.927 0.490 14.776 -1.848 0.821
Car 0 0 1.934 15.875 151.635 385.781 373.661 1.526 1.634 3.915 -2.810 0.617 4.960 1.418 0.809
Car 0 0 -1.005 0.164 242.128 96.664 371.006 1.526 1.634 3.915 -6.645 1.583 8.545 -1.666 0.736
Car 0 0 2.124 1020.953 160.063 1223.472 247.602 1.526 1.634 3.915 8.938 0.540 12.580 2.742 0.662
Car 0 0 1.938 425.662 186.319 496.598 250.083 1.526 1.634 3.915 -3.553 1.085 17.270 1.735 0.644
Car 0 0 -1.499 373.157 168.179 448.508 271.153 1.526 1.634 3.915 -2.945 0.694 10.694 -1.769 0.628
Car 0 0 2.479 782.111 158.743 882.412 226.687 1.526 1.634 3.915 5.002 0.446 16.208 2.778 0.531
Truck 0 0 -1.535 568.715 129.411 673.254 219.317 3.054 2.609 10.415 0.388 0.051 24.507 -1.521 0.526
Car 0 0 1.835 0.056 214.603 49.314 247.613 1.526 1.634 3.915 -27.041 2.693 33.360 1.153 0.515
Car 0 0 1.707 1194.765 187.886 1241.490 234.513 1.526 1.634 3.915 19.919 1.255 23.617 2.408 0.264
