Car 0 0 -1.116 840.204 171.845 1107.041 327.319 1.526 1.634 3.915 3.574 0.753 7.083 -0.650 0.918
Car 0 0 -1.604 579.395 174.759 701.497 288.237 1.526 1.634 3.915 0.415 0.789 9.704 -1.562 0.890
Car 0 0 2.491 0.000 182.832 157.274 285.009 1.526 1.634 3.915 -7.930 0.912 10.777 1.856 0.779
Pedestrian 0 0 0.703 389.927 180.459 411.842 245.593 1.760 0.660 0.932 -5.640 1.086 19.502 0.420 0.756
Car 0 0 2.064 168.323 185.994 300.732 245.381 1.526 1.634 3.915 -9.638 1.101 18.543 1.584 0.697
Car 0 0 2.039 284.585 175.205 344.105 213.092 1.526 1.634 3.915 -11.892 0.858 29.065 1.651 0.664
Car 0 0 1.767 413.073 181.165 442.979 208.804 1.526 1.634 3.915 -10.024 1.222 39.841 1.521 0.517
Car 0 0 -1.366 699.537 171.718 751.461 217.437 1.526 1.634 3.915 3.870 0.725 24.086 -1.207 0.512
Car 0 0 1.410 742.166 178.693 793.759 217.291 1.526 1.634 3.915 6.263 0.994 28.530 1.625 0.365
Car 0 0 1.848 471.575 176.438 502.300 196.847 1.526 1.634 3.915 -9.169 1.031 53.955 1.678 0.335
Car 0 0 1.716 435.552 183.670 460.735 207.414 1.526 1.634 3.915 -10.375 1.458 46.378 1.496 0.286
Car 0 0 1.832 523.321 176.833 549.239 191.767 1.526 1.634 3.915 -7.489 1.170 73.739 1.731 0.257
