Car 0 0 -1.137 786.638 177.975 1020.103 293.366 1.526 1.634 3.915 3.886 0.831 9.543 -0.751 0.884
Car 0 0 -1.605 591.086 170.543 647.425 217.095 1.526 1.634 3.915 0.318 0.687 23.656 -1.592 0.704
Car 0 0 1.904 307.411 175.328 391.495 215.768 1.526 1.634 3.915 -9.816 0.856 27.230 1.558 0.668
Car 0 0 -1.941 738.376 171.248 793.293 237.698 1.526 1.634 3.915 3.589 0.726 16.572 -1.729 0.639
Car 0 0 1.507 761.781 174.330 846.574 246.971 1.526 1.634 3.915 4.089 0.794 15.160 1.770 0.528
Car 0 0 1.921 680.929 155.056 752.510 217.112 1.493 1.619 2.689 2.579 0.318 17.365 2.068 0.431
Car 0 0 2.050 538.921 166.710 560.890 185.745 1.526 1.634 3.915 -4.783 0.270 57.849 1.966 0.421
Car 0 0 1.461 0.123 180.375 29.534 215.475 1.526 1.634 3.915 -25.860 1.090 31.374 0.771 0.323
Car 0 0 1.781 369.374 173.459 418.103 210.487 1.526 1.634 3.915 -8.896 0.788 29.740 1.490 0.298
Car 0 0 1.616 488.326 173.090 517.088 195.271 1.526 1.634 3.915 -7.352 0.779 49.646 1.468 0.254
