Car 0 0 -0.360 745.889 164.913 1139.563 306.964 1.526 1.634 3.915 3.580 0.678 7.752 0.072 0.903
Car 0 0 2.123 0.000 210.283 344.821 370.356 1.526 1.634 3.915 -4.168 1.120 6.879 1.578 0.903
Car 0 0 1.850 326.807 188.840 493.150 308.214 1.526 1.634 3.915 -2.552 0.967 9.225 1.579 0.817
Car 0 0 -1.683 649.180 170.475 735.389 224.676 1.526 1.634 3.915 2.329 0.696 20.317 -1.569 0.772
Car 0 0 1.997 277.359 199.738 370.666 261.916 1.526 1.634 3.915 -7.009 1.423 17.710 1.620 0.705
Cyclist 0 0 -2.362 1182.214 252.528 1241.477 374.605 1.739 0.571 1.833 8.582 2.005 10.281 -1.667 0.649
Truck 0 0 1.632 449.578 148.332 543.784 241.548 3.075 2.618 11.229 -3.724 0.729 23.804 1.476 0.637
Car 0 0 -2.917 699.435 173.175 828.684 230.539 1.526 1.634 3.915 4.110 0.772 19.197 -2.706 0.589
Car 0 0 1.742 631.411 174.162 656.410 203.540 1.526 1.634 3.915 1.785 0.831 37.483 1.788 0.458
Car 0 0 1.619 449.041 146.041 543.127 240.496 1.526 1.634 3.915 -1.833 0.330 11.658 1.463 0.434
Car 0 0 1.611 538.547 163.125 564.195 211.456 1.495 1.641 3.654 -1.799 0.446 22.312 1.530 0.359
Car 0 0 1.489 620.500 175.000 637.374 202.341 1.526 1.634 3.915 1.082 0.883 40.277 1.515 0.256
