Car 0 0 -2.252 949.872 195.649 1241.178 371.210 1.526 1.634 3.915 4.225 0.961 6.272 -1.659 0.892
Car 0 0 0.496 0.789 195.467 228.135 278.819 1.526 1.634 3.915 -9.065 1.177 13.212 -0.106 0.885
Car 0 0 -1.888 719.146 176.931 885.894 286.553 1.526 1.634 3.915 2.686 0.820 10.045 -1.628 0.844
Car 0 0 -1.681 694.038 177.409 769.287 240.754 1.526 1.634 3.915 2.942 0.873 17.384 -1.515 0.710
Car 0 0 1.684 380.131 193.465 469.867 254.935 1.526 1.634 3.915 -4.582 1.275 17.914 1.432 0.678
Car 0 0 -1.716 665.078 174.938 715.353 219.008 1.526 1.634 3.915 2.793 0.835 24.987 -1.605 0.614
Car 0 0 1.825 453.383 187.651 503.517 232.461 1.526 1.634 3.915 -4.465 1.267 24.575 1.645 0.562
Car 0 0 1.650 472.414 177.255 532.728 223.238 1.526 1.634 3.915 -3.551 0.909 23.948 1.502 0.415
Truck 0 0 -1.706 639.538 146.720 691.674 202.028 3.038 2.601 9.831 3.079 0.083 39.633 -1.630 0.334
Car 0 0 -1.696 641.504 147.327 688.924 203.127 1.493 1.619 2.654 1.489 0.063 19.299 -1.619 0.316
Car 0 0 1.767 413.989 188.304 476.474 239.775 1.526 1.634 3.915 -4.873 1.221 21.395 1.543 0.263
Car 0 0 1.793 590.682 175.857 614.114 192.661 1.526 1.634 3.915 -0.650 1.036 65.534 1.782 0.252
