Pedestrian 0 0 1.874 362.032 177.677 446.802 345.402 1.760 0.660 0.932 -2.096 0.851 7.421 1.598 0.806
Pedestrian 0 0 1.822 212.780 162.818 320.151 373.300 1.760 0.660 0.932 -2.824 0.732 5.914 1.376 0.799
Pedestrian 0 0 2.130 1024.757 120.051 1176.163 315.463 1.760 0.660 0.932 4.472 0.336 6.370 2.741 0.774
Cyclist 0 0 2.054 376.155 254.117 434.045 373.000 1.739 0.571 1.833 -2.911 1.947 10.345 1.779 0.674
Pedestrian 0 0 2.495 911.248 148.506 951.003 257.125 1.760 0.660 0.932 5.301 0.362 11.460 2.928 0.552
Pedestrian 0 0 1.579 488.802 172.644 508.520 229.984 1.760 0.660 0.932 -3.237 0.639 21.708 1.430 0.540
Pedestrian 0 0 1.823 640.210 170.898 695.980 295.073 1.760 0.660 0.932 0.908 0.744 10.024 1.913 0.527
Cyclist 0 0 0.472 871.449 246.617 1158.064 369.279 1.739 0.571 1.833 5.824 1.807 10.026 0.997 0.439
Pedestrian 0 0 1.474 510.122 180.456 531.231 227.359 1.760 0.660 0.932 -3.131 0.878 26.539 1.355 0.358
Pedestrian 0 0 -1.773 599.372 176.361 618.019 231.022 1.738 0.650 0.096 0.147 0.737 22.484 -1.768 0.304
Cyclist 0 0 -0.954 635.140 195.653 719.970 315.656 1.739 0.571 1.833 1.065 1.089 10.249 -0.851 0.289
Pedestrian 0 0 1.562 332.983 197.788 362.911 258.122 1.760 0.660 0.932 -7.474 1.385 20.631 1.213 0.287
Pedestrian 0 0 1.444 553.349 187.818 573.865 232.587 1.760 0.660 0.932 -1.592 1.168 27.804 1.386 0.264
