Car 0 0 -2.405 0.217 201.931 226.739 373.027 1.526 1.634 3.915 -4.425 1.022 6.436 -3.008 0.879
Car 0 0 -2.084 147.305 180.536 349.921 306.322 1.526 1.634 3.915 -4.379 0.856 8.755 -2.549 0.877
Car 0 0 -2.227 794.407 192.353 1011.596 327.971 1.526 1.634 3.915 3.302 0.983 8.120 -1.841 0.862
Car 0 0 -1.627 570.820 177.488 630.141 225.081 1.526 1.634 3.915 -0.291 0.912 23.138 -1.641 0.803
Car 0 0 -2.021 339.330 178.922 458.759 242.154 1.526 1.634 3.915 -5.081 0.910 17.415 -2.305 0.718
Car 0 0 -1.774 678.478 180.148 736.868 220.987 1.526 1.634 3.915 3.667 1.036 26.965 -1.640 0.695
Car 0 0 -2.040 969.839 16.884 1241.324 372.125 1.526 1.634 3.915 2.131 0.093 3.100 -1.438 0.662
Truck 0 0 -2.052 971.498 18.640 1241.111 370.577 3.075 2.618 11.229 4.341 0.190 6.305 -1.449 0.597
Car 0 0 -1.854 437.077 174.922 507.397 220.743 1.526 1.634 3.915 -4.574 0.832 24.033 -2.042 0.531
Car 0 0 -1.556 538.946 173.976 563.353 201.501 1.526 1.634 3.915 -3.239 0.825 40.008 -1.637 0.279
Car 0 0 -1.776 504.215 171.814 535.578 199.776 1.526 1.634 3.915 -4.894 0.706 39.382 -1.901 0.278
