Car 0 0 2.235 818.906 161.275 1147.094 276.375 1.526 1.634 3.915 4.952 0.610 9.567 2.712 0.902
Car 0 0 -0.269 796.275 152.559 923.085 200.196 1.526 1.634 3.915 8.013 0.113 23.117 0.063 0.856
Car 0 0 1.790 379.295 187.747 454.736 245.187 1.526 1.634 3.915 -5.116 1.159 19.171 1.529 0.808
Car 0 0 1.744 484.623 179.376 550.715 237.208 1.526 1.634 3.915 -2.425 0.935 19.042 1.616 0.669
Car 0 0 1.957 1166.512 146.958 1241.446 187.047 1.526 1.634 3.915 22.630 -0.223 27.469 2.645 0.657
Car 0 0 -1.626 547.249 174.706 571.910 191.882 1.526 1.634 3.915 -4.441 0.928 64.113 -1.696 0.602
Car 0 0 1.400 640.089 173.497 690.134 205.216 1.526 1.634 3.915 2.673 0.794 34.718 1.477 0.440
Car 0 0 1.318 447.247 184.130 491.408 238.368 1.526 1.634 3.915 -3.946 1.080 20.303 1.126 0.413
Car 0 0 -0.734 1084.745 144.135 1212.441 184.674 1.519 1.631 3.646 20.198 -0.317 27.036 -0.093 0.405
Car 0 0 -1.565 593.411 176.659 632.815 204.559 1.526 1.634 3.915 0.194 0.971 39.470 -1.561 0.266
