Car 0 0 -1.852 737.642 185.490 863.100 276.557 1.526 1.634 3.915 3.198 0.975 12.092 -1.594 0.841
Car 0 0 -2.723 296.212 183.692 443.285 247.013 1.526 1.634 3.915 -5.780 1.024 17.391 -3.045 0.809
Car 0 0 1.950 401.859 184.633 485.329 228.676 1.526 1.634 3.915 -5.751 1.171 25.003 1.723 0.626
Car 0 0 1.460 457.286 180.816 516.933 224.199 1.526 1.634 3.915 -4.308 1.043 25.383 1.292 0.576
Car 0 0 1.763 562.464 170.669 597.691 197.232 1.526 1.634 3.915 -1.694 0.638 41.457 1.722 0.560
Car 0 0 -1.673 648.925 167.258 684.743 199.771 1.526 1.634 3.915 2.689 0.500 33.869 -1.595 0.534
Car 0 0 -1.778 710.144 181.586 773.276 245.486 1.526 1.634 3.915 3.156 0.972 17.233 -1.598 0.519
Car 0 0 0.478 40.385 187.881 373.773 302.125 1.526 1.634 3.915 -5.377 0.964 9.639 -0.031 0.494
Car 0 0 -1.067 0.000 194.814 210.306 366.152 1.431 1.591 0.354 -4.213 0.899 6.027 -1.678 0.478
Car 0 0 -1.929 507.134 179.512 544.065 213.417 1.526 1.634 3.915 -3.779 1.063 32.478 -2.045 0.456
Car 0 0 -1.697 681.443 180.426 722.565 214.920 1.526 1.634 3.915 4.090 1.098 31.924 -1.570 0.423
