Car 0 0 2.100 0.100 213.484 231.699 373.330 1.526 1.634 3.915 -4.713 1.151 6.889 1.499 0.906
Car 0 0 2.585 1031.680 134.761 1215.047 234.835 1.526 1.634 3.915 7.836 0.182 11.004 3.204 0.869
Car 0 0 1.993 221.734 199.186 380.730 283.556 1.526 1.634 3.915 -5.577 1.239 13.052 1.589 0.840
Car 0 0 2.453 942.743 149.324 1088.294 227.723 1.526 1.634 3.915 7.903 0.305 14.046 2.965 0.821
Car 0 0 1.860 376.147 191.084 460.178 243.240 1.526 1.634 3.915 -5.601 1.297 21.114 1.601 0.747
Car 0 0 1.764 711.406 177.500 813.540 251.685 1.526 1.634 3.915 3.146 0.859 14.844 1.972 0.718
Car 0 0 1.771 583.225 172.327 615.748 192.869 1.526 1.634 3.915 -0.748 0.724 53.608 1.757 0.711
Car 0 0 -2.984 879.038 158.515 994.055 205.663 1.526 1.634 3.915 10.585 0.299 23.357 -2.559 0.633
Car 0 0 1.745 667.391 180.465 701.806 215.988 1.526 1.634 3.915 3.224 1.090 31.000 1.848 0.591
Car 0 0 1.296 687.268 178.682 742.332 233.294 1.526 1.634 3.915 2.941 0.926 20.164 1.440 0.581
Car 0 0 1.933 636.704 176.938 670.005 207.224 1.526 1.634 3.915 2.207 0.969 36.361 1.993 0.430
Car 0 0 1.855 488.284 186.408 528.761 217.370 1.526 1.634 3.915 -4.980 1.431 35.566 1.715 0.419
Car 0 0 1.795 449.817 189.117 487.899 228.227 1.526 1.634 3.915 -5.491 1.398 28.156 1.602 0.394
Car 0 0 1.966 0.124 167.381 61.178 190.707 1.526 1.634 3.915 -37.876 0.405 47.208 1.290 0.319
Car 0 0 1.785 430.954 191.767 461.104 236.088 1.526 1.634 3.915 -5.631 1.414 24.846 1.562 0.268
