Car 0 0 -2.135 874.663 195.705 1241.528 371.254 1.526 1.634 3.915 3.899 0.962 6.273 -1.579 0.916
Car 0 0 1.941 172.709 205.328 391.151 327.395 1.526 1.634 3.915 -4.096 1.169 9.021 1.514 0.903
Car 0 0 -1.977 745.710 183.547 938.843 309.275 1.526 1.634 3.915 2.825 0.893 8.759 -1.665 0.816
Car 0 0 -1.772 691.636 184.887 766.110 246.545 1.526 1.634 3.915 2.953 1.061 17.860 -1.609 0.740
Car 0 0 1.789 444.770 184.065 502.537 244.358 1.526 1.634 3.915 -3.440 1.047 18.264 1.602 0.727
Car 0 0 1.866 366.560 185.118 458.887 261.926 1.526 1.634 3.915 -3.911 1.007 14.337 1.599 0.701
Car 0 0 2.035 504.553 185.206 547.299 204.880 1.526 1.634 3.915 -6.488 1.721 55.971 1.919 0.529
Car 0 0 1.058 371.124 220.842 432.141 275.293 1.526 1.634 3.915 -5.828 2.108 20.224 0.777 0.361
Truck 0 0 -1.726 644.809 146.325 704.724 212.921 3.048 2.606 10.207 2.984 0.310 33.024 -1.637 0.321
Car 0 0 -1.626 649.333 146.493 708.341 217.032 1.470 1.608 1.794 1.443 0.186 15.032 -1.531 0.278
