Car 0 0 2.050 27.746 209.308 293.463 342.968 1.526 1.634 3.915 -5.126 1.179 8.239 1.493 0.922
Car 0 0 1.932 266.066 199.831 377.580 280.350 1.526 1.634 3.915 -5.454 1.274 13.676 1.552 0.834
Car 0 0 1.666 372.089 192.297 496.833 276.073 1.526 1.634 3.915 -3.190 1.117 13.145 1.428 0.827
Car 0 0 2.280 1125.032 157.661 1241.320 260.716 1.526 1.634 3.915 8.495 0.538 10.686 2.952 0.762
Car 0 0 1.800 465.759 174.468 542.787 238.797 1.526 1.634 3.915 -2.498 0.801 17.118 1.655 0.743
Pedestrian 0 0 2.578 853.435 179.985 906.576 282.855 1.760 0.660 0.932 4.628 1.002 12.348 2.936 0.660
Cyclist 0 0 2.093 823.742 217.262 945.826 291.058 1.739 0.571 1.833 6.487 1.916 17.007 2.456 0.650
Car 0 0 1.869 631.669 180.037 688.184 212.107 1.526 1.634 3.915 2.397 1.105 34.338 1.938 0.530
Car 0 0 1.312 602.190 176.138 639.936 202.269 1.526 1.634 3.915 0.672 0.955 42.142 1.328 0.452
Pedestrian 0 0 1.938 210.468 186.615 232.382 213.162 1.760 0.660 0.932 -25.740 1.793 47.851 1.444 0.397
Car 0 0 1.710 552.727 175.886 577.415 199.551 1.511 1.643 4.033 -2.840 0.949 46.067 1.649 0.378
Car 0 0 1.666 542.548 179.777 570.685 201.909 1.441 1.685 4.576 -3.446 1.171 46.966 1.592 0.367
Cyclist 0 0 2.150 789.321 203.834 838.615 276.884 1.739 0.571 1.833 4.867 1.607 17.181 2.425 0.330
Cyclist 0 0 1.849 694.331 187.454 735.612 233.871 1.739 0.571 1.833 3.950 1.417 27.039 1.993 0.289
