Car 0 0 -0.556 975.994 193.572 1242.000 351.970 1.526 1.634 3.915 4.812 0.963 6.952 0.048 0.908
Car 0 0 -2.412 0.000 191.302 152.080 341.600 1.526 1.634 3.915 -5.418 0.950 7.327 -3.049 0.899
Car 0 0 -1.005 915.530 186.654 1063.933 289.755 1.526 1.634 3.915 5.628 0.967 10.681 -0.520 0.775
Car 0 0 -2.684 94.174 167.253 316.107 288.807 1.526 1.634 3.915 -5.078 0.693 9.059 -3.195 0.768
Car 0 0 -0.621 759.504 171.833 888.930 255.745 1.526 1.634 3.915 3.904 0.745 13.123 -0.332 0.733
Car 0 0 2.377 820.493 186.305 972.219 277.208 1.526 1.634 3.915 4.815 0.989 12.114 2.755 0.711
Car 0 0 -1.802 631.032 184.177 679.397 218.925 1.526 1.634 3.915 2.005 1.260 31.692 -1.739 0.690
Car 0 0 -0.893 1187.686 251.900 1241.582 374.187 1.526 1.634 3.915 7.552 1.750 9.005 -0.195 0.664
Pedestrian 0 0 -1.541 497.485 178.189 516.318 227.402 1.760 0.660 0.932 -3.672 1.071 25.812 -1.683 0.659
Car 0 0 -2.827 336.870 179.161 483.511 239.428 1.526 1.634 3.915 -5.049 0.923 18.272 -3.097 0.626
Car 0 0 2.013 519.261 174.451 549.708 195.017 1.526 1.634 3.915 -5.571 0.882 53.543 1.908 0.468
Car 0 0 0.250 424.959 179.782 485.563 211.319 1.526 1.634 3.915 -7.467 1.098 34.917 0.039 0.344
Car 0 0 1.744 574.730 171.896 597.485 187.677 1.526 1.634 3.915 -2.268 0.670 69.780 1.711 0.315
Car 0 0 1.994 552.151 172.182 577.963 190.604 1.526 1.634 3.915 -3.687 0.707 59.775 1.932 0.302
Car 0 0 -1.407 542.877 173.993 564.446 192.288 1.526 1.634 3.915 -4.663 0.858 60.190 -1.486 0.298
Car 0 0 1.577 599.114 166.825 622.598 193.879 1.526 1.634 3.915 0.073 0.423 40.704 1.578 0.278
