Car 0 0 0.935 931.648 186.235 1143.492 308.099 1.526 1.634 3.915 5.360 0.931 9.036 1.470 0.898
Car 0 0 -0.582 1025.217 201.704 1241.993 351.698 1.526 1.634 3.915 5.332 1.057 7.342 0.046 0.898
Car 0 0 -2.480 6.909 190.760 325.254 322.553 1.526 1.634 3.915 -5.136 0.970 8.356 -3.031 0.781
Car 0 0 0.236 424.548 176.938 496.015 220.643 1.526 1.634 3.915 -5.213 0.906 25.196 0.032 0.775
Car 0 0 -0.277 733.331 183.368 898.650 242.714 1.526 1.634 3.915 5.309 1.033 18.556 0.000 0.761
Car 0 0 1.944 0.000 204.167 177.750 368.707 1.526 1.634 3.915 -4.830 1.054 6.693 1.318 0.704
Car 0 0 1.188 374.325 183.587 440.825 232.912 1.526 1.634 3.915 -6.250 1.095 22.325 0.915 0.654
Car 0 0 -2.420 228.376 177.101 407.291 259.595 1.526 1.634 3.915 -5.397 0.842 13.349 -2.805 0.609
Car 0 0 -1.610 638.116 181.507 677.604 214.212 1.526 1.634 3.915 2.254 1.167 33.671 -1.545 0.586
Car 0 0 1.715 527.558 175.504 561.450 200.912 1.526 1.634 3.915 -3.908 0.922 43.340 1.624 0.336
Car 0 0 1.596 554.556 177.251 577.968 200.045 1.526 1.634 3.915 -2.899 1.058 48.311 1.535 0.262
