Pedestrian 0 0 -1.002 217.796 173.014 308.628 360.404 1.760 0.660 0.932 -3.254 0.882 6.779 -1.450 0.834
Pedestrian 0 0 -1.940 731.793 168.037 796.570 363.913 1.760 0.660 0.932 1.390 0.837 6.485 -1.729 0.798
Pedestrian 0 0 -1.991 794.539 163.040 873.884 363.448 1.760 0.660 0.932 1.973 0.794 6.338 -1.690 0.783
Pedestrian 0 0 -1.581 949.661 166.461 1000.286 279.822 1.760 0.660 0.932 5.675 0.781 11.205 -1.114 0.718
Cyclist 0 0 0.173 1019.700 259.978 1161.201 372.848 1.739 0.571 1.833 7.411 2.212 11.120 0.761 0.578
Car 0 0 1.843 552.458 169.068 599.955 213.210 1.526 1.634 3.915 -1.153 0.632 24.947 1.796 0.569
Car 0 0 1.636 615.090 167.402 647.662 192.404 1.526 1.634 3.915 1.332 0.430 44.045 1.665 0.453
Cyclist 0 0 1.959 863.511 239.622 937.983 345.590 1.739 0.571 1.833 4.780 1.966 11.844 2.341 0.432
Cyclist 0 0 1.268 306.504 211.152 354.972 275.148 1.730 0.567 1.470 -7.536 1.900 19.502 0.899 0.299
Cyclist 0 0 -1.985 777.951 240.635 936.334 352.819 1.739 0.571 1.833 3.839 1.921 11.188 -1.655 0.295
