Car 0 0 -1.947 785.213 198.601 961.229 304.202 1.526 1.634 3.915 3.811 1.135 10.428 -1.597 0.905
Car 0 0 -1.043 0.172 180.477 256.102 370.312 1.526 1.634 3.915 -3.870 0.824 5.801 -1.632 0.891
Car 0 0 -2.182 188.944 186.445 407.481 307.213 1.526 1.634 3.915 -3.935 0.935 9.118 -2.590 0.833
Car 0 0 1.583 593.964 186.208 660.549 231.586 1.526 1.634 3.915 0.595 1.212 24.267 1.607 0.795
Car 0 0 -2.147 386.546 180.050 507.121 248.282 1.526 1.634 3.915 -3.640 0.924 16.139 -2.370 0.790
Car 0 0 -1.780 728.526 181.235 819.573 249.378 1.526 1.634 3.915 3.684 0.951 16.160 -1.556 0.780
Car 0 0 -1.696 531.695 184.201 562.888 211.333 1.526 1.634 3.915 -3.503 1.401 40.587 -1.783 0.476
Car 0 0 -1.630 489.626 179.475 535.573 218.774 1.526 1.634 3.915 -3.766 1.020 28.021 -1.764 0.414
Car 0 0 1.422 681.717 173.772 734.739 216.201 1.526 1.634 3.915 3.549 0.796 25.954 1.558 0.410
Car 0 0 1.651 643.815 165.388 668.395 188.714 1.479 1.662 4.279 2.951 0.266 45.753 1.716 0.388
Car 0 0 -1.481 1202.201 219.662 1241.641 279.191 1.526 1.634 3.915 15.700 1.963 18.499 -0.778 0.349
Car 0 0 1.706 578.604 174.120 606.980 196.890 1.523 1.632 3.781 -1.121 0.846 48.250 1.681 0.306
Car 0 0 -1.734 719.906 181.304 762.388 240.656 1.505 1.625 3.133 3.337 0.967 18.300 -1.553 0.303
Car 0 0 -1.680 489.137 176.679 530.273 197.975 1.526 1.634 3.915 -7.156 1.037 51.711 -1.819 0.264
