Car 0 0 2.065 0.543 177.212 417.715 375.000 1.526 1.634 3.915 -3.090 0.797 5.568 1.559 0.911
Car 0 0 1.805 435.970 181.377 482.974 213.752 1.526 1.634 3.915 -7.075 1.165 34.014 1.599 0.695
Car 0 0 -1.586 728.112 168.723 757.605 188.701 1.526 1.634 3.915 10.183 0.448 55.121 -1.404 0.670
Car 0 0 1.663 676.006 169.352 711.144 195.015 1.526 1.634 3.915 4.997 0.555 42.911 1.778 0.651
Car 0 0 1.675 520.665 175.764 551.942 195.714 1.526 1.634 3.915 -5.604 0.986 55.199 1.574 0.463
Car 0 0 1.928 1102.551 157.176 1142.078 178.650 1.526 1.634 3.915 36.441 -0.351 51.279 2.545 0.442
Car 0 0 2.164 1037.013 157.964 1086.479 178.004 1.526 1.634 3.915 34.437 -0.371 54.951 2.723 0.427
Car 0 0 -1.664 1203.831 154.277 1240.986 173.806 1.526 1.634 3.915 47.893 -0.689 56.386 -0.961 0.341
Car 0 0 1.898 891.576 156.228 916.533 172.419 1.526 1.634 3.915 27.760 -0.804 68.013 2.286 0.335
Car 0 0 -1.800 483.506 177.745 524.452 205.043 1.503 1.648 4.091 -5.815 1.021 39.739 -1.947 0.316
Car 0 0 1.588 1136.561 155.335 1174.783 176.534 1.526 1.634 3.915 39.317 -0.498 51.947 2.235 0.307
Car 0 0 1.644 1169.890 154.628 1205.650 175.436 1.526 1.634 3.915 42.409 -0.574 52.922 2.319 0.292
