Car 0 0 2.136 0.236 199.113 118.409 352.181 1.526 1.634 3.915 -5.486 1.025 7.194 1.485 0.906
Car 0 0 -1.273 172.854 201.585 467.721 374.465 1.526 1.634 3.915 -2.554 1.017 6.370 -1.655 0.866
Car 0 0 -1.470 393.987 183.846 516.472 284.057 1.526 1.634 3.915 -2.350 0.930 10.989 -1.681 0.814
Pedestrian 0 0 2.134 1068.175 37.199 1156.287 246.910 1.760 0.660 0.932 4.220 -0.259 6.057 2.742 0.797
Car 0 0 -1.626 556.103 176.809 605.086 215.909 1.526 1.634 3.915 -1.131 0.917 28.163 -1.667 0.779
Car 0 0 1.963 153.948 181.258 253.736 219.817 1.526 1.634 3.915 -16.059 1.096 28.559 1.450 0.749
Truck 0 0 -2.170 724.732 0.000 1242.000 364.021 2.994 2.581 8.181 3.074 0.075 5.934 -1.693 0.715
Car 0 0 -1.825 651.878 179.131 716.828 227.290 1.526 1.634 3.915 2.370 0.962 22.866 -1.722 0.581
Car 0 0 1.642 631.894 176.425 662.137 210.948 1.526 1.634 3.915 1.656 0.921 31.897 1.694 0.400
Car 0 0 1.610 495.409 167.291 525.456 195.492 1.526 1.634 3.915 -5.364 0.462 39.048 1.473 0.343
Car 0 0 -1.632 288.525 178.586 338.537 207.549 1.526 1.634 3.915 -15.599 1.065 38.020 -2.022 0.267
Truck 0 0 -1.406 620.464 100.392 735.639 224.099 3.057 2.597 9.830 1.692 -0.262 17.829 -1.311 0.258
