Car 0 0 -2.211 830.205 215.192 1242.000 372.998 1.526 1.634 3.915 4.125 1.173 6.978 -1.677 0.903
Car 0 0 -2.459 19.770 200.922 255.813 335.964 1.526 1.634 3.915 -5.332 1.080 8.154 -3.039 0.893
Car 0 0 -2.563 147.206 180.017 316.121 277.862 1.526 1.634 3.915 -5.894 0.875 11.255 -3.047 0.801
Car 0 0 -1.326 0.059 219.517 119.378 363.964 1.526 1.634 3.915 -5.809 1.256 7.624 -1.978 0.783
Car 0 0 0.290 314.518 187.546 471.166 240.799 1.526 1.634 3.915 -6.211 1.184 20.679 -0.003 0.748
Car 0 0 -1.791 703.662 186.518 805.073 263.880 1.526 1.634 3.915 2.857 1.033 14.234 -1.593 0.743
Car 0 0 1.553 666.919 180.859 713.582 221.287 1.526 1.634 3.915 3.046 1.065 27.239 1.664 0.424
Car 0 0 1.577 636.403 170.330 677.598 201.857 1.526 1.634 3.915 2.297 0.641 34.929 1.642 0.421
Car 0 0 0.618 291.557 206.438 365.517 267.970 1.526 1.634 3.915 -6.970 1.596 17.896 0.246 0.412
Car 0 0 1.301 493.867 170.312 545.640 204.242 1.526 1.634 3.915 -4.039 0.649 32.454 1.176 0.333
Car 0 0 -2.897 381.276 170.542 486.548 213.926 1.526 1.634 3.915 -6.179 0.682 25.383 -3.137 0.328
Car 0 0 -1.619 684.376 185.049 737.306 250.016 1.526 1.634 3.915 2.379 1.050 16.950 -1.481 0.271
