Car 0 0 -2.158 1086.440 187.765 1241.444 373.620 1.526 1.634 3.915 4.552 0.886 5.925 -1.503 0.928
Car 0 0 -2.077 700.839 186.566 986.244 345.839 1.526 1.634 3.915 2.242 0.894 6.914 -1.764 0.897
Car 0 0 2.051 7.288 202.427 270.845 341.682 1.526 1.634 3.915 -5.156 1.087 7.908 1.473 0.894
Car 0 0 -1.887 611.301 174.046 725.316 260.204 1.526 1.634 3.915 1.041 0.784 12.781 -1.806 0.775
Car 0 0 1.905 240.390 183.455 338.550 270.857 1.526 1.634 3.915 -5.589 0.948 12.599 1.487 0.657
Car 0 0 1.787 334.367 188.147 384.530 237.135 1.526 1.634 3.915 -7.792 1.240 22.479 1.453 0.655
Pedestrian 0 0 -1.700 529.780 175.795 566.290 269.881 1.760 0.660 0.932 -1.151 0.935 13.501 -1.786 0.636
Car 0 0 1.300 576.347 181.695 626.322 239.804 1.526 1.634 3.915 -0.216 0.995 18.951 1.288 0.577
Car 0 0 1.494 482.913 180.179 515.031 208.746 1.526 1.634 3.915 -5.908 1.154 38.548 1.340 0.462
Car 0 0 0.790 372.120 161.767 448.669 208.804 1.526 1.634 3.915 -6.462 0.403 23.411 0.520 0.312
Car 0 0 0.325 297.896 185.277 337.322 260.729 1.526 1.634 3.915 -5.905 1.014 14.595 -0.061 0.264
Car 0 0 -3.027 422.589 175.365 453.014 202.649 1.526 1.634 3.915 -9.608 0.904 40.361 -3.262 0.259
