Car 0 0 -2.026 1102.901 202.653 1241.683 372.566 1.526 1.634 3.915 5.055 1.031 6.481 -1.364 0.894
Car 0 0 2.022 0.000 188.758 204.392 323.130 1.526 1.634 3.915 -5.763 0.944 8.195 1.409 0.866
Car 0 0 -0.596 937.098 192.843 1172.260 331.495 1.526 1.634 3.915 4.900 0.983 7.942 -0.044 0.822
Car 0 0 -2.688 134.334 166.881 338.854 278.936 1.526 1.634 3.915 -5.080 0.682 9.827 -3.166 0.732
Car 0 0 -1.774 632.119 182.744 678.559 218.326 1.526 1.634 3.915 1.964 1.187 30.948 -1.712 0.705
Car 0 0 -0.601 753.023 172.981 872.063 250.023 1.526 1.634 3.915 4.021 0.766 14.294 -0.328 0.698
Car 0 0 -0.834 806.435 187.862 927.042 270.017 1.526 1.634 3.915 4.778 1.042 13.404 -0.493 0.572
Car 0 0 -2.830 353.662 178.923 487.893 236.037 1.526 1.634 3.915 -5.045 0.925 19.281 -3.087 0.539
Car 0 0 -1.076 893.844 188.473 997.378 281.684 1.526 1.634 3.915 5.502 1.019 11.814 -0.641 0.530
Pedestrian 0 0 1.547 502.691 177.860 523.569 223.975 1.760 0.660 0.932 -3.681 1.071 27.546 1.414 0.483
Car 0 0 -1.043 0.134 251.904 64.927 360.827 1.526 1.634 3.915 -8.085 1.871 10.110 -1.718 0.432
Car 0 0 0.350 438.037 180.584 490.578 206.486 1.526 1.634 3.915 -8.559 1.219 42.515 0.151 0.355
Car 0 0 1.888 525.525 176.548 547.540 194.099 1.526 1.634 3.915 -6.350 1.084 62.745 1.787 0.326
Car 0 0 -1.684 574.514 172.629 596.597 187.673 1.526 1.634 3.915 -2.435 0.740 73.195 -1.718 0.321
Car 0 0 1.540 602.099 167.582 624.269 192.451 1.526 1.634 3.915 0.222 0.440 44.280 1.545 0.305
Car 0 0 -1.446 545.749 175.243 565.024 192.765 1.526 1.634 3.915 -4.719 0.971 62.848 -1.522 0.266
Car 0 0 -1.746 612.083 172.504 638.122 203.367 1.526 1.634 3.915 0.769 0.746 35.680 -1.725 0.256
