Car 0 0 -2.103 835.402 215.494 1242.000 373.151 1.526 1.634 3.915 4.154 1.176 6.985 -1.567 0.907
Car 0 0 2.176 680.914 187.205 795.592 258.881 1.526 1.634 3.915 2.740 1.069 15.363 2.352 0.828
Car 0 0 -1.901 739.927 199.783 934.992 316.929 1.526 1.634 3.915 2.969 1.114 9.400 -1.596 0.797
Car 0 0 -0.951 0.582 231.434 345.495 373.306 1.526 1.634 3.915 -4.696 1.393 7.762 -1.495 0.771
Car 0 0 -1.399 441.206 188.755 528.840 257.211 1.526 1.634 3.915 -2.776 1.118 16.086 -1.570 0.764
Car 0 0 1.672 511.241 181.093 560.698 219.827 1.526 1.634 3.915 -2.900 1.088 28.430 1.569 0.677
Car 0 0 -1.796 637.466 177.132 673.937 203.400 1.526 1.634 3.915 2.681 1.012 41.922 -1.734 0.601
Truck 0 0 -0.915 0.496 164.303 197.772 238.997 2.974 2.572 7.444 -20.325 1.147 28.731 -1.531 0.501
Car 0 0 -1.731 621.072 172.291 643.759 193.402 1.526 1.634 3.915 1.652 0.722 52.163 -1.700 0.495
Car 0 0 1.634 560.659 177.123 585.666 195.310 1.526 1.634 3.915 -3.054 1.121 60.549 1.583 0.436
