Car 0 0 1.665 452.406 188.963 519.593 232.631 1.526 1.634 3.915 -4.318 1.326 25.217 1.494 0.810
Car 0 0 -2.028 827.278 202.225 1067.437 330.756 1.526 1.634 3.915 4.011 1.112 8.568 -1.590 0.807
Car 0 0 1.812 560.739 181.272 595.774 199.209 1.526 1.634 3.915 -2.663 1.479 61.392 1.769 0.713
Car 0 0 -2.257 1033.820 206.268 1241.536 371.025 1.526 1.634 3.915 4.892 1.073 6.684 -1.626 0.616
Car 0 0 -1.657 724.281 184.615 784.350 239.777 1.526 1.634 3.915 4.005 1.088 19.963 -1.460 0.592
Car 0 0 -1.922 756.287 186.456 872.297 264.649 1.526 1.634 3.915 3.996 1.029 14.083 -1.646 0.531
Car 0 0 -1.725 682.113 177.956 714.412 213.216 1.526 1.634 3.915 3.839 0.984 31.231 -1.603 0.528
Car 0 0 1.736 523.763 184.799 557.712 216.795 1.526 1.634 3.915 -3.283 1.333 34.416 1.640 0.438
Car 0 0 -1.884 696.493 180.059 726.086 220.993 1.526 1.634 3.915 3.793 1.032 26.902 -1.744 0.398
Car 0 0 -1.836 707.024 185.993 737.852 226.177 1.526 1.634 3.915 4.287 1.262 27.404 -1.681 0.376
Car 0 0 1.824 493.078 187.847 521.404 225.669 1.526 1.634 3.915 -4.129 1.368 29.115 1.683 0.363
Car 0 0 1.421 509.819 186.426 534.625 221.648 1.526 1.634 3.915 -3.784 1.351 31.264 1.300 0.291
