Car 0 0 -1.941 725.432 183.789 878.124 286.366 1.526 1.634 3.915 2.941 0.812 10.520 -1.669 0.850
Truck 0 0 2.047 0.000 77.574 325.745 375.000 3.075 2.618 11.229 -4.562 0.473 7.311 1.488 0.848
Car 0 0 -1.382 449.753 183.203 522.682 240.376 1.526 1.634 3.915 -3.146 0.835 18.874 -1.548 0.811
Car 0 0 -1.582 699.395 178.759 757.237 244.604 1.526 1.634 3.915 2.880 0.723 16.388 -1.408 0.667
Car 0 0 -1.698 603.698 165.842 637.343 199.559 1.526 1.634 3.915 0.744 0.099 32.005 -1.676 0.451
Car 0 0 -1.641 636.262 182.136 666.268 207.693 1.526 1.634 3.915 2.818 0.860 42.223 -1.574 0.413
Truck 0 0 1.655 482.732 150.060 548.173 214.059 2.944 2.559 6.310 -4.077 0.071 32.525 1.530 0.405
Car 0 0 1.650 482.208 149.807 548.427 213.817 1.386 1.570 -1.337 -1.922 0.028 15.309 1.525 0.385
Car 0 0 -1.777 667.936 186.870 693.726 230.914 1.526 1.634 3.915 2.659 0.984 24.500 -1.670 0.356
Car 0 0 1.927 542.196 176.564 570.311 192.512 1.526 1.634 3.915 -4.577 0.386 67.664 1.860 0.250
