Car 0 0 -1.025 0.169 181.171 189.321 371.876 1.526 1.634 3.915 -4.120 0.830 5.774 -1.645 0.815
Car 0 0 -2.023 790.911 202.766 1115.669 370.921 1.526 1.634 3.915 3.120 1.035 6.549 -1.579 0.800
Car 0 0 0.652 9.582 174.802 309.726 310.354 1.526 1.634 3.915 -5.066 0.785 8.124 0.093 0.761
Car 0 0 2.033 135.850 174.343 317.776 254.406 1.526 1.634 3.915 -7.296 0.791 13.754 1.545 0.744
Car 0 0 -0.275 716.535 170.711 792.360 222.711 1.526 1.634 3.915 4.252 0.700 21.177 -0.078 0.701
Car 0 0 -0.605 843.076 172.138 1149.080 278.829 1.526 1.634 3.915 5.529 0.753 10.321 -0.113 0.677
Car 0 0 2.039 285.891 175.149 392.532 258.884 1.526 1.634 3.915 -4.927 0.805 13.151 1.681 0.651
Car 0 0 -0.994 779.122 177.823 881.093 243.604 1.526 1.634 3.915 5.117 0.878 16.740 -0.698 0.612
Car 0 0 -1.839 314.814 157.482 467.129 226.407 1.526 1.634 3.915 -4.840 0.423 15.977 -2.134 0.555
Car 0 0 1.954 444.749 170.568 526.194 221.189 1.526 1.634 3.915 -3.741 0.694 21.754 1.783 0.550
Car 0 0 -1.947 0.311 285.552 63.766 373.768 1.526 1.634 3.915 -9.991 2.713 12.483 -2.622 0.539
Car 0 0 -1.747 632.871 168.670 670.951 201.560 1.526 1.634 3.915 1.965 0.569 33.481 -1.689 0.528
Car 0 0 -1.120 460.679 170.934 523.927 197.640 1.526 1.634 3.915 -6.701 0.653 41.235 -1.282 0.328
Car 0 0 1.397 619.016 168.964 643.469 197.228 1.526 1.634 3.915 1.171 0.553 38.962 1.426 0.284
