Car 0 0 -0.880 40.293 216.386 420.336 373.647 1.526 1.634 3.915 -3.680 1.186 7.002 -1.365 0.921
Car 0 0 -1.840 710.052 195.618 874.080 293.690 1.526 1.634 3.915 2.840 1.117 11.229 -1.593 0.876
Car 0 0 -1.154 343.848 197.616 486.451 299.085 1.526 1.634 3.915 -2.924 1.136 10.853 -1.417 0.852
Car 0 0 -1.572 492.439 190.895 549.117 236.635 1.526 1.634 3.915 -2.962 1.365 24.076 -1.695 0.727
Car 0 0 1.800 654.583 180.357 717.028 231.785 1.526 1.634 3.915 2.263 0.986 21.413 1.904 0.592
Car 0 0 -1.765 634.629 185.567 657.190 208.690 1.526 1.634 3.915 2.399 1.602 47.625 -1.716 0.439
Car 0 0 1.586 536.458 185.695 569.655 216.572 1.526 1.634 3.915 -2.793 1.398 35.663 1.507 0.387
Car 0 0 -1.883 685.411 194.117 731.296 256.203 1.526 1.634 3.915 2.429 1.286 17.737 -1.747 0.323
Car 0 0 -1.685 520.453 187.401 560.939 220.769 1.526 1.634 3.915 -3.150 1.428 33.002 -1.781 0.297
Car 0 0 1.793 652.945 183.760 685.409 229.868 1.526 1.634 3.915 1.973 1.124 23.883 1.875 0.253
