Car 0 0 2.264 0.278 220.470 164.061 370.370 1.526 1.634 3.915 -5.370 1.248 7.346 1.632 0.890
Car 0 0 -2.112 791.877 188.631 1095.885 343.280 1.526 1.634 3.915 3.299 0.919 7.121 -1.679 0.888
Car 0 0 2.054 203.300 197.853 388.795 284.038 1.526 1.634 3.915 -5.552 1.206 12.777 1.644 0.874
Car 0 0 2.245 1053.551 154.854 1241.596 273.959 1.526 1.634 3.915 6.894 0.532 9.246 2.885 0.861
Car 0 0 -1.777 732.560 179.907 853.292 268.368 1.526 1.634 3.915 3.164 0.885 12.448 -1.529 0.803
Car 0 0 1.552 687.861 181.223 742.444 228.630 1.526 1.634 3.915 3.399 1.033 23.229 1.697 0.624
Car 0 0 1.809 444.405 186.167 499.933 225.987 1.526 1.634 3.915 -5.266 1.273 27.654 1.620 0.620
Car 0 0 1.838 368.555 191.628 443.904 246.253 1.526 1.634 3.915 -5.681 1.288 20.159 1.563 0.602
Car 0 0 1.512 549.619 172.808 598.740 198.252 1.526 1.634 3.915 -2.122 0.760 43.280 1.463 0.398
Car 0 0 1.831 496.308 181.064 537.716 205.852 1.526 1.634 3.915 -5.698 1.269 44.426 1.703 0.383
Car 0 0 1.544 647.545 178.152 686.654 208.891 1.526 1.634 3.915 2.857 1.026 35.824 1.623 0.379
