Pedestrian 0 0 -1.677 861.949 149.166 933.360 369.806 1.760 0.660 0.932 2.299 0.691 5.757 -1.297 0.848
Pedestrian 0 0 -2.421 48.063 234.863 112.733 303.930 1.760 0.660 0.932 -13.488 2.461 18.392 -3.054 0.691
Pedestrian 0 0 -2.137 992.982 124.714 1089.812 303.496 1.760 0.660 0.932 4.252 0.406 7.105 -1.598 0.680
Pedestrian 0 0 1.506 504.194 166.414 531.394 246.058 1.760 0.660 0.932 -2.028 0.738 15.949 1.379 0.575
Cyclist 0 0 -0.873 752.555 215.957 848.019 327.404 1.739 0.571 1.833 2.977 1.542 11.262 -0.615 0.551
Pedestrian 0 0 -2.252 0.000 233.983 74.177 334.605 1.760 0.660 0.932 -10.016 1.950 12.624 -2.923 0.525
Pedestrian 0 0 -0.902 102.188 247.317 220.293 371.410 1.760 0.660 0.932 -6.360 1.937 10.236 -1.458 0.521
Pedestrian 0 0 -1.650 624.931 165.284 648.077 232.775 1.760 0.660 0.932 0.703 0.683 18.821 -1.614 0.504
Pedestrian 0 0 -2.034 480.307 171.066 507.670 243.328 1.760 0.660 0.932 -2.816 0.837 17.579 -2.194 0.462
Pedestrian 0 0 -2.280 193.570 208.437 238.583 291.794 1.760 0.660 0.932 -8.310 1.632 15.239 -2.779 0.369
Pedestrian 0 0 -1.790 651.437 165.468 670.964 224.447 1.760 0.660 0.932 1.541 0.660 21.537 -1.719 0.317
Car 0 0 1.600 545.220 169.037 572.865 192.044 1.526 1.634 3.915 -3.351 0.510 47.863 1.530 0.310
Pedestrian 0 0 2.305 237.186 215.095 310.453 298.123 1.760 0.660 0.932 -7.119 1.776 15.299 1.869 0.304
Pedestrian 0 0 -1.579 692.497 165.630 717.111 217.688 1.760 0.660 0.932 3.221 0.636 24.401 -1.449 0.301
Pedestrian 0 0 -1.498 663.333 165.824 681.338 225.316 1.760 0.660 0.932 1.858 0.672 21.352 -1.412 0.272
