Cyclist 0 0 -2.974 719.224 210.250 817.799 302.348 1.739 0.571 1.833 3.002 1.576 13.628 -2.758 0.815
Cyclist 0 0 -2.453 0.136 272.799 131.514 369.682 1.739 0.571 1.833 -9.762 2.664 12.955 -3.099 0.746
Cyclist 0 0 -0.882 51.052 223.031 236.385 335.033 1.739 0.571 1.833 -7.235 1.649 11.206 -1.456 0.710
Pedestrian 0 0 -2.070 862.375 154.109 922.701 286.590 1.728 0.645 -0.290 3.691 0.619 9.411 -1.697 0.681
Pedestrian 0 0 -1.952 740.285 151.514 785.700 271.983 1.760 0.660 0.932 2.242 0.568 10.544 -1.744 0.513
Pedestrian 0 0 2.048 468.216 163.575 497.349 256.988 1.760 0.660 0.932 -2.389 0.705 13.598 1.873 0.512
Cyclist 0 0 2.305 168.956 204.505 273.887 306.349 1.739 0.571 1.833 -6.629 1.410 12.324 1.811 0.508
Pedestrian 0 0 2.273 298.760 167.690 335.370 209.051 1.760 0.660 0.932 -12.450 0.660 30.711 1.888 0.405
Cyclist 0 0 1.963 641.822 193.000 687.059 233.973 1.739 0.571 1.833 2.330 1.725 30.632 2.038 0.360
Pedestrian 0 0 -1.762 570.207 181.419 603.533 264.520 1.760 0.660 0.911 -0.481 1.061 15.281 -1.794 0.296
Pedestrian 0 0 -1.854 512.630 172.883 533.211 243.027 1.760 0.660 0.932 -2.175 0.881 18.110 -1.975 0.263
